listing_id,high,medium,low
6923480,0.0176003,0.106137,0.876263
6943863,0.0601279,0.367868,0.572004
6945340,0.00472957,0.0267652,0.968505
7049150,0.0266881,0.16378,0.809532
6903433,0.00472656,0.0267476,0.968526
6819290,0.00975067,0.057179,0.93307
6964067,0.00691684,0.0398816,0.953202
7203147,0.00472639,0.0267466,0.968527
7208914,0.00472651,0.0267473,0.968526
6915300,0.00472949,0.0267648,0.968506
7143383,0.00514048,0.0292059,0.965654
6874605,0.00472746,0.0267528,0.96852
7122219,0.0157198,0.0943059,0.889974
7201388,0.0280542,0.172468,0.799478
6834456,0.0215071,0.130843,0.84765
6908332,0.0317404,0.195852,0.772407
7145545,0.00477181,0.0270145,0.968214
7145676,0.0349904,0.216334,0.748676
7094921,0.004771,0.0270097,0.968219
7126171,0.00472657,0.0267476,0.968526
7124127,0.0432177,0.267119,0.689664
6875312,0.0302408,0.186363,0.783396
6918374,0.0603603,0.369185,0.570454
7181994,0.00473482,0.026796,0.968469
6829290,0.00722683,0.0417605,0.951013
6840625,0.0586836,0.359432,0.581885
7001838,0.00474789,0.0268731,0.968379
7020228,0.00647134,0.0371883,0.95634
6883245,0.0538963,0.330969,0.615134
7049830,0.0155835,0.0934619,0.890955
6877675,0.0594233,0.363783,0.576794
6973375,0.0148386,0.0887906,0.896371
7057028,0.00495204,0.0280842,0.966964
6968506,0.0135072,0.080469,0.906024
6852195,0.0483862,0.298121,0.653493
7017535,0.0183286,0.11073,0.870942
6881934,0.0474841,0.29274,0.659776
6898272,0.0287164,0.176674,0.79461
6894646,0.00476438,0.0269705,0.968265
7002484,0.0479323,0.295408,0.65666
6815349,0.00472638,0.0267465,0.968527
6830333,0.0047266,0.0267478,0.968526
6834350,0.0373344,0.231034,0.731632
6899699,0.0261146,0.160131,0.813754
6948262,0.0144259,0.0862054,0.899369
6919355,0.0179522,0.10836,0.873687
6879655,0.0602601,0.36862,0.57112
6917168,0.0123012,0.0729529,0.914746
6813069,0.0397315,0.245857,0.714411
6928482,0.00473176,0.0267781,0.96849
6827419,0.0594529,0.363956,0.576591
7007564,0.0603599,0.369183,0.570458
6970753,0.0226763,0.138267,0.839057
6972734,0.0203519,0.123514,0.856134
6896011,0.0273998,0.168306,0.804294
6819769,0.0588917,0.360659,0.580449
7052822,0.00493754,0.0279978,0.967065
7024183,0.0164978,0.0992033,0.884299
6943102,0.027124,0.166553,0.806323
7062168,0.059999,0.367128,0.572873
7026004,0.0591879,0.362402,0.578411
7048164,0.06018,0.368165,0.571655
6854154,0.0152361,0.0912838,0.89348
6926747,0.0060292,0.0345258,0.959445
6817261,0.024305,0.148619,0.827076
6926082,0.00511466,0.029052,0.965833
7020275,0.0603271,0.368999,0.570674
6895898,0.00473696,0.0268086,0.968454
6870725,0.00474422,0.0268515,0.968404
6995450,0.0602796,0.368731,0.57099
6918723,0.0239166,0.146148,0.829935
6938464,0.00959459,0.0562239,0.934182
6818901,0.0115964,0.0685844,0.919819
6878952,0.00478569,0.0270967,0.968118
7244110,0.00895438,0.0522942,0.938751
6886262,0.0541293,0.332358,0.613513
6986540,0.0105347,0.0620164,0.927449
6936585,0.0566797,0.347545,0.595775
7138658,0.00472668,0.0267483,0.968525
7094836,0.00473676,0.0268075,0.968456
7142588,0.0360456,0.222985,0.740969
7228347,0.00483037,0.0273615,0.967808
7092957,0.0465355,0.287068,0.666396
7175929,0.0269965,0.165742,0.807262
7095106,0.00484948,0.0274749,0.967676
7094591,0.0596943,0.365364,0.574941
7118353,0.00472639,0.0267466,0.968527
7204521,0.00473164,0.0267774,0.968491
7210229,0.0148765,0.0890318,0.896092
7091599,0.0371659,0.229929,0.732906
7168487,0.0249708,0.152852,0.822177
7170292,0.0528087,0.324486,0.622705
6880955,0.00472822,0.0267573,0.968515
6992009,0.00491588,0.027869,0.967215
6891929,0.0251465,0.153972,0.820882
7179890,0.0602598,0.368619,0.571122
6893832,0.00472684,0.0267492,0.968524
7042053,0.00472651,0.0267473,0.968526
6966865,0.0574912,0.352367,0.590142
7099225,0.0563524,0.345598,0.59805
7094455,0.0289359,0.178077,0.792987
7105183,0.0501812,0.308812,0.641007
7207738,0.0213582,0.129898,0.848744
7132410,0.00472641,0.0267467,0.968527
7091511,0.0524237,0.322195,0.625381
7045805,0.00472697,0.02675,0.968523
7159595,0.00970369,0.0568946,0.933402
6999952,0.00482238,0.0273141,0.967864
7082366,0.0047264,0.0267467,0.968527
6861826,0.0115017,0.0679981,0.9205
6996784,0.00731943,0.0423212,0.950359
6982727,0.00472637,0.0267465,0.968527
7055436,0.00855157,0.0498295,0.941619
7008336,0.0047273,0.0267519,0.968521
7187137,0.0047264,0.0267466,0.968527
7210147,0.0234871,0.14342,0.833093
7132694,0.0312751,0.192924,0.775801
7133799,0.00472646,0.026747,0.968527
7132383,0.0603105,0.368905,0.570784
7226809,0.049723,0.306073,0.644204
7174376,0.0153806,0.0921876,0.892432
7020909,0.00472649,0.0267472,0.968526
7008466,0.00621036,0.0356166,0.958173
7131802,0.0306049,0.188649,0.780746
6996222,0.0596768,0.365262,0.575061
6955267,0.0047291,0.0267625,0.968508
7006262,0.0123308,0.0731445,0.914525
7160392,0.0238577,0.145776,0.830366
7200095,0.0112071,0.066169,0.922624
7207521,0.00475459,0.0269127,0.968333
6961649,0.00475803,0.026933,0.968309
7063794,0.0113304,0.066929,0.921741
7213771,0.00472689,0.0267495,0.968524
7129102,0.0163324,0.0981631,0.885505
7222646,0.0598103,0.366038,0.574151
7091418,0.0602983,0.368836,0.570866
6939214,0.00810106,0.0470786,0.94482
6991435,0.0494373,0.30436,0.646203
7227993,0.00494918,0.0280671,0.966984
7210207,0.0167373,0.100707,0.882556
6970510,0.0427678,0.264348,0.692884
7087944,0.0231664,0.14138,0.835454
6986305,0.0139439,0.0831926,0.902864
7200231,0.00480398,0.027205,0.967991
7096502,0.00472641,0.0267467,0.968527
7125348,0.0201463,0.122224,0.85763
7095743,0.0374369,0.231663,0.7309
6917231,0.0204575,0.124194,0.855349
7043433,0.00472729,0.0267518,0.968521
6960911,0.0309308,0.190737,0.778332
7188607,0.00485227,0.0274914,0.967656
7008116,0.0047265,0.0267472,0.968526
7021087,0.0602892,0.368785,0.570926
6983994,0.010546,0.0620849,0.927369
7025966,0.0299272,0.184353,0.78572
6995189,0.0047267,0.0267484,0.968525
7068810,0.0195605,0.118515,0.861925
6995151,0.00840286,0.0489193,0.942678
7215432,0.0452833,0.279529,0.675187
7003109,0.00475526,0.0269166,0.968328
7083438,0.0188523,0.114043,0.867104
7025547,0.0281005,0.172756,0.799143
7222251,0.0144827,0.0865639,0.898953
6813450,0.00472653,0.0267474,0.968526
7079748,0.00483126,0.0273668,0.967802
7204635,0.0137499,0.0819848,0.904265
7033166,0.0188199,0.113837,0.867343
7052934,0.0111357,0.0657296,0.923135
7001839,0.00476458,0.0269717,0.968264
7055366,0.0193173,0.11698,0.863702
6976995,0.0147698,0.0883651,0.896865
6970333,0.0325621,0.201061,0.766377
6960544,0.0429019,0.265219,0.691879
6858289,0.0047856,0.0270962,0.968118
6975397,0.0191354,0.11583,0.865035
7083722,0.00472865,0.0267598,0.968512
7152125,0.0192491,0.116548,0.864203
6978147,0.00472643,0.0267468,0.968527
7024869,0.0128616,0.0764444,0.910694
6998830,0.00472639,0.0267466,0.968527
6986803,0.0153973,0.0922953,0.892307
6893376,0.0047266,0.0267478,0.968526
6914950,0.0048288,0.0273522,0.967819
7000240,0.0603588,0.369177,0.570465
6938528,0.0265148,0.162677,0.810808
6964346,0.0441002,0.272394,0.683506
6915912,0.0591482,0.36217,0.578682
6834479,0.00509338,0.0289248,0.965982
7080803,0.00472643,0.0267468,0.968527
7070955,0.00480968,0.0272388,0.967951
6833138,0.0603018,0.368856,0.570842
7079726,0.0157024,0.0942053,0.890092
6887947,0.00472641,0.0267467,0.968527
6910082,0.0157075,0.0942376,0.890055
6917277,0.00474596,0.0268617,0.968392
6872401,0.00834477,0.0485656,0.94309
6877322,0.0296903,0.182868,0.787442
6842490,0.0603426,0.369086,0.570572
6855363,0.00472642,0.0267468,0.968527
6861563,0.0603523,0.36914,0.570507
6827845,0.028201,0.173402,0.798396
6860224,0.00472674,0.0267486,0.968525
6837770,0.0216275,0.131611,0.846762
6906518,0.0315569,0.19471,0.773733
6942523,0.0260456,0.159689,0.814265
6835685,0.00472642,0.0267468,0.968527
6931035,0.0207148,0.125825,0.85346
6815221,0.0216653,0.131849,0.846486
6895076,0.00472728,0.0267518,0.968521
6906718,0.0101996,0.05995,0.92985
6859510,0.0579573,0.355134,0.586909
7078714,0.0597849,0.36589,0.574325
7037636,0.00472915,0.0267628,0.968508
7172370,0.0236887,0.144702,0.83161
6893021,0.00592723,0.0339141,0.960159
6854171,0.00472837,0.0267581,0.968513
7166752,0.00472639,0.0267466,0.968527
7116574,0.00708249,0.0408844,0.952033
6963481,0.00764404,0.0442938,0.948062
7041861,0.0242299,0.14814,0.82763
7055915,0.050598,0.311307,0.638095
7020420,0.0603598,0.369182,0.570458
7076265,0.0192093,0.116296,0.864494
6965759,0.00865952,0.0504872,0.940853
7059879,0.00570553,0.0325836,0.961711
6822654,0.0047265,0.0267472,0.968526
6876965,0.00473428,0.0267929,0.968473
6852317,0.0413411,0.255693,0.702966
6945640,0.0270335,0.165973,0.806994
6976688,0.0603517,0.369137,0.570511
7064119,0.0150794,0.0902994,0.894621
6816088,0.0603561,0.369162,0.570482
6827274,0.0361817,0.223849,0.73997
6996717,0.00933883,0.0546524,0.936009
7059096,0.0148482,0.088848,0.896304
6958571,0.0047266,0.0267478,0.968526
7082395,0.00573823,0.0327798,0.961482
7083520,0.0047317,0.0267777,0.968491
6904893,0.0223524,0.136212,0.841435
7178544,0.0155343,0.0931484,0.891317
6917459,0.00473918,0.0268218,0.968439
7214902,0.0589329,0.360902,0.580165
7121106,0.0306395,0.188894,0.780466
7107383,0.0123468,0.0732433,0.91441
7147675,0.00473069,0.0267718,0.968497
7075421,0.0047264,0.0267467,0.968527
7068245,0.00473579,0.0268018,0.968462
7128728,0.00472791,0.0267555,0.968517
7020220,0.0394878,0.244366,0.716146
7210272,0.0603598,0.369182,0.570458
7079670,0.00689167,0.0397282,0.95338
7091439,0.00472675,0.0267487,0.968525
7169897,0.0597577,0.365733,0.57451
7196526,0.0047325,0.0267824,0.968485
7218504,0.0047298,0.0267665,0.968504
7114390,0.00477062,0.0270074,0.968222
7101957,0.0594717,0.364066,0.576462
7166105,0.00472842,0.0267585,0.968513
7175514,0.0483736,0.29805,0.653576
7123544,0.0334613,0.206723,0.759815
7130018,0.0148442,0.0888271,0.896329
7218631,0.0239821,0.146567,0.82945
7204398,0.00477032,0.0270057,0.968224
7134072,0.00472668,0.0267483,0.968525
7104243,0.0603514,0.369135,0.570514
7133822,0.00713016,0.0411747,0.951695
7182664,0.0225825,0.137675,0.839743
7158237,0.0259749,0.159242,0.814783
7097249,0.00891401,0.052047,0.939039
7159778,0.00472706,0.0267505,0.968522
6878394,0.00749431,0.0433816,0.949124
7123179,0.00472839,0.0267583,0.968513
7121601,0.0148871,0.0890881,0.896025
7126334,0.00474094,0.0268321,0.968427
7169763,0.0249772,0.152894,0.822129
7229953,0.0235587,0.143875,0.832566
6854704,0.0481931,0.296974,0.654833
7052385,0.035979,0.222514,0.741507
6916257,0.00472901,0.0267619,0.968509
6980337,0.0600567,0.36746,0.572483
6998437,0.00472639,0.0267466,0.968527
6969802,0.0154541,0.0926524,0.891893
7049475,0.0180369,0.108893,0.87307
6969253,0.0142874,0.0853416,0.900371
7062187,0.0267254,0.164017,0.809257
6846216,0.00476159,0.0269541,0.968284
6832420,0.00762335,0.0441684,0.948208
6819703,0.0436083,0.269448,0.686944
6813971,0.00481277,0.0272571,0.96793
6875704,0.0598696,0.366381,0.573749
6875626,0.0330704,0.204259,0.762671
6982751,0.0602601,0.36862,0.57112
6880945,0.00472781,0.0267549,0.968517
7059753,0.00472643,0.0267468,0.968527
7010046,0.00488276,0.0276724,0.967445
7160267,0.0127933,0.0760208,0.911186
7138867,0.00472641,0.0267467,0.968527
7099782,0.0180402,0.108915,0.873045
7151860,0.00473041,0.0267702,0.968499
7139595,0.0557939,0.342272,0.601934
7168015,0.0214818,0.130688,0.84783
7156789,0.0250657,0.153456,0.821478
7093515,0.0410962,0.254213,0.70469
7192056,0.025847,0.158428,0.815725
7129715,0.0550029,0.337561,0.607436
7051602,0.00472668,0.0267483,0.968525
7213479,0.0603594,0.36918,0.57046
7146123,0.010246,0.0602321,0.929522
6862698,0.00556161,0.0317207,0.962718
6870927,0.020915,0.127094,0.851991
6875573,0.0548517,0.336661,0.608487
6937746,0.0279612,0.171872,0.800167
6909179,0.00472642,0.0267468,0.968527
6852099,0.0280693,0.172569,0.799362
6893205,0.0601111,0.367772,0.572117
6930963,0.0180128,0.108743,0.873244
6942214,0.0160612,0.0964587,0.88748
6844913,0.0498585,0.306902,0.643239
6903236,0.00592874,0.0339227,0.960149
6946860,0.029042,0.178749,0.792209
7020127,0.0601328,0.367896,0.571972
6966491,0.0165134,0.0993019,0.884185
7081378,0.00472683,0.0267491,0.968524
7008212,0.00474968,0.0268837,0.968367
6982329,0.0263365,0.161544,0.81212
7060761,0.0329389,0.203447,0.763614
7049886,0.0448482,0.276894,0.678258
6990231,0.0047272,0.0267513,0.968522
7039323,0.0311108,0.19185,0.77704
7029209,0.00472813,0.0267568,0.968515
7699418,0.00472762,0.0267538,0.968519
7027632,0.00472865,0.0267598,0.968512
6958438,0.0435461,0.269035,0.687419
7156654,0.0321705,0.198566,0.769264
6989632,0.0601484,0.367985,0.571866
7077502,0.00474179,0.0268371,0.968421
7007559,0.0260929,0.159992,0.813915
7016824,0.00472639,0.0267466,0.968527
6973596,0.0563075,0.34533,0.598362
7017376,0.0278151,0.170945,0.80124
6900717,0.0602865,0.36877,0.570944
6813018,0.00484298,0.0274363,0.967721
7026065,0.0376515,0.233006,0.729343
7193862,0.0315594,0.194701,0.77374
7072252,0.0221528,0.134942,0.842905
7039301,0.00543281,0.0309512,0.963616
7106867,0.00472638,0.0267465,0.968527
7064397,0.0338207,0.209007,0.757173
6850341,0.0137285,0.0818498,0.904422
7148219,0.0161887,0.0972557,0.886556
7169523,0.0232481,0.141901,0.83485
6881031,0.00503939,0.0286039,0.966357
6876893,0.0540021,0.3316,0.614398
7113543,0.0161135,0.09679,0.887097
6956467,0.00480858,0.0272323,0.967959
6818384,0.00472648,0.0267471,0.968526
6843735,0.00472805,0.0267563,0.968516
7058865,0.0113415,0.0670056,0.921653
7198510,0.0207434,0.126005,0.853252
6866021,0.0183649,0.110964,0.870672
7033237,0.013549,0.0807339,0.905717
7186037,0.0047367,0.0268071,0.968456
7216301,0.0138205,0.082427,0.903753
6931646,0.0219896,0.13391,0.844101
7096664,0.0226152,0.137876,0.839508
7213577,0.0175212,0.105646,0.876833
7229182,0.00472851,0.026759,0.968512
7020290,0.0603594,0.36918,0.570461
6962486,0.0145632,0.0870672,0.898369
7163619,0.030925,0.190688,0.778387
7044154,0.0111101,0.0655729,0.923317
6994158,0.0414519,0.256366,0.702182
6954609,0.0242736,0.14842,0.827306
7203455,0.0414102,0.256115,0.702474
7039138,0.00577609,0.0330068,0.961217
7069927,0.00472642,0.0267468,0.968527
6989176,0.0342597,0.211733,0.754008
6990855,0.032856,0.202908,0.764236
6859936,0.0047277,0.0267543,0.968518
7151723,0.0281243,0.172915,0.798961
6944621,0.0047264,0.0267467,0.968527
6893419,0.0603588,0.369177,0.570464
7139628,0.0224966,0.137128,0.840376
7067182,0.0599823,0.367032,0.572985
7116008,0.00472844,0.0267586,0.968513
6860780,0.053475,0.328456,0.618069
6875516,0.00950584,0.0556776,0.934817
6920886,0.0161055,0.0967331,0.887161
6818242,0.00472892,0.0267614,0.96851
6911076,0.0235798,0.144009,0.832411
6858969,0.0564006,0.345885,0.597715
6852329,0.022349,0.13619,0.841461
6910225,0.00472666,0.0267481,0.968525
7072336,0.0601287,0.367872,0.571999
7170589,0.0310266,0.191337,0.777636
7012953,0.0561327,0.34429,0.599577
7123283,0.0603534,0.369147,0.5705
7093591,0.00472854,0.0267592,0.968512
6931847,0.0600623,0.367493,0.572445
7190934,0.0275789,0.169445,0.802976
6843860,0.0550278,0.337709,0.607263
6831331,0.00481846,0.0272909,0.967891
6864063,0.0602985,0.368838,0.570864
6859285,0.060358,0.369172,0.57047
7223056,0.00529711,0.0301402,0.964563
7142010,0.0176224,0.106275,0.876103
7044159,0.0132717,0.0789972,0.907731
6856891,0.0600992,0.367704,0.572197
7164150,0.0192873,0.116785,0.863928
7041081,0.0543783,0.333837,0.611784
7173764,0.023377,0.142719,0.833904
7089871,0.0219233,0.133489,0.844588
6960575,0.016132,0.0969012,0.886967
7148929,0.0296368,0.182529,0.787834
7097053,0.0225747,0.137624,0.839801
7190211,0.00832858,0.0484682,0.943203
6897785,0.00581898,0.0332644,0.960917
6937961,0.00487972,0.0276543,0.967466
6994766,0.0598359,0.366187,0.573978
6967078,0.0312997,0.193052,0.775649
7004760,0.0137368,0.0818977,0.904366
6962434,0.00936819,0.0548341,0.935798
6986690,0.0147933,0.0885041,0.896703
6993126,0.00472788,0.0267553,0.968517
7015143,0.0126889,0.0753703,0.911941
7055242,0.00546867,0.0311653,0.963366
7029099,0.0226113,0.137858,0.83953
6829584,0.0352839,0.218208,0.746508
6886109,0.00472718,0.0267512,0.968522
6895226,0.0293459,0.180673,0.789981
6818201,0.00482314,0.0273186,0.967858
6887773,0.0597884,0.365911,0.5743
6874305,0.0210325,0.127834,0.851133
6945256,0.00472842,0.0267585,0.968513
6860570,0.00495514,0.0281025,0.966942
6841851,0.00472789,0.0267553,0.968517
6986323,0.023171,0.141411,0.835418
6826419,0.0178656,0.107812,0.874323
7071997,0.00472645,0.0267469,0.968527
6912910,0.0123019,0.0729633,0.914735
6970019,0.00472756,0.0267534,0.968519
7071628,0.00472643,0.0267468,0.968527
6965706,0.00477064,0.0270076,0.968222
6893097,0.0323443,0.199691,0.767964
6971586,0.0491814,0.302863,0.647956
7057364,0.00472985,0.0267668,0.968503
7065649,0.00663022,0.0381482,0.955221
6881758,0.00472656,0.0267476,0.968526
6857870,0.0558256,0.34246,0.601714
6946359,0.0202888,0.123128,0.856583
6925112,0.0365508,0.226151,0.737299
6984791,0.00509323,0.0289242,0.965983
7076647,0.0291321,0.179325,0.791542
6891824,0.00473708,0.0268094,0.968454
6975586,0.00933672,0.0546397,0.936024
7024908,0.0603255,0.36899,0.570685
7020951,0.00475177,0.026896,0.968352
6961813,0.0116735,0.0690539,0.919273
6994050,0.0598237,0.366116,0.574061
7136723,0.0222394,0.135494,0.842267
6992492,0.0050131,0.0284473,0.96654
6897077,0.0250826,0.153564,0.821354
6840305,0.0514432,0.316348,0.632209
6820064,0.00472758,0.0267535,0.968519
6893231,0.0355702,0.220002,0.744428
6868924,0.0357245,0.220958,0.743318
6876525,0.0123777,0.0734356,0.914187
6882735,0.00472831,0.0267578,0.968514
7215889,0.0537325,0.329989,0.616278
7191319,0.0602883,0.36878,0.570932
6903956,0.00472639,0.0267466,0.968527
7316263,0.0602588,0.368613,0.571128
7186538,0.00473665,0.0268068,0.968457
6842434,0.0575054,0.352452,0.590043
6861751,0.0510361,0.313915,0.635049
6881005,0.00472655,0.0267475,0.968526
6863915,0.0347897,0.215085,0.750125
7022765,0.00473131,0.0267754,0.968493
7067494,0.0249628,0.152802,0.822236
7000777,0.0202084,0.122618,0.857174
7078298,0.00472716,0.0267511,0.968522
6960538,0.0382685,0.236845,0.724887
6960499,0.0534089,0.328066,0.618525
7048947,0.0047368,0.0268077,0.968456
6835379,0.00472664,0.0267481,0.968525
6968011,0.00472831,0.0267578,0.968514
7008231,0.057152,0.350352,0.592496
7228623,0.0289006,0.177852,0.793248
7109525,0.00573462,0.0327572,0.961508
6975192,0.06036,0.369184,0.570456
7077800,0.0047264,0.0267466,0.968527
6872270,0.0210383,0.127872,0.851089
6822218,0.0135068,0.0804617,0.906032
6840647,0.00498746,0.0282947,0.966718
6897209,0.020007,0.121341,0.858652
6898752,0.00518409,0.0294657,0.96535
6872481,0.0143896,0.0859794,0.899631
7183419,0.0351008,0.217049,0.74785
6861323,0.00991503,0.0581928,0.931892
7081372,0.00630078,0.0361611,0.957538
7194473,0.00472912,0.0267626,0.968508
7088873,0.00484679,0.0274589,0.967694
6842317,0.0461187,0.284521,0.66936
6842289,0.039579,0.244942,0.715479
7191206,0.00472643,0.0267468,0.968527
7013727,0.0047295,0.0267648,0.968506
7107521,0.00472639,0.0267466,0.968527
7164658,0.0303332,0.186931,0.782736
7135159,0.0161753,0.0971729,0.886652
7166777,0.0603615,0.369192,0.570447
7173330,0.0590269,0.361455,0.579518
7137210,0.0603066,0.368883,0.57081
7221931,0.0170952,0.102963,0.879942
7217192,0.00474331,0.0268461,0.968411
7217567,0.0199474,0.120966,0.859087
7091272,0.0601384,0.367928,0.571934
7022754,0.0481471,0.296694,0.655159
7147441,0.0573591,0.351585,0.591056
7210048,0.00472657,0.0267476,0.968526
7137916,0.0230978,0.140947,0.835956
7004418,0.0107361,0.0632562,0.926008
6855092,0.0309513,0.19087,0.778179
6920514,0.0284699,0.175108,0.796422
6823429,0.0594273,0.363805,0.576768
7414249,0.00585739,0.0334945,0.960648
7139750,0.0603582,0.369173,0.570469
7097396,0.0335321,0.20718,0.759288
7142478,0.032881,0.203081,0.764038
7040581,0.00472857,0.0267594,0.968512
7232727,0.0160162,0.096177,0.887807
6897171,0.0268784,0.16499,0.808132
7229042,0.00473039,0.02677,0.9685
7201863,0.058829,0.360289,0.580882
6847304,0.00472677,0.0267488,0.968524
7171787,0.00472712,0.0267508,0.968522
7158241,0.00596694,0.0341524,0.959881
7206790,0.00473492,0.0267967,0.968468
7466236,0.0047688,0.0269967,0.968234
6879810,0.0139644,0.083325,0.902711
6812216,0.00630373,0.0361791,0.957517
6858232,0.0283311,0.174232,0.797437
7029381,0.0451072,0.27846,0.676433
6863751,0.00472736,0.0267522,0.96852
6969520,0.0193935,0.117464,0.863143
6860349,0.030945,0.190819,0.778236
6901003,0.0603161,0.368937,0.570747
6831319,0.0392512,0.242924,0.717824
7058331,0.0603609,0.369188,0.570451
6954142,0.0275158,0.169043,0.803441
6844366,0.0603001,0.368846,0.570853
7194002,0.0215884,0.131366,0.847046
6873373,0.0293622,0.180779,0.789859
7076073,0.0603503,0.369129,0.570521
7031023,0.059537,0.364447,0.576016
6985019,0.0105329,0.0620042,0.927463
7004201,0.011287,0.0666693,0.922044
7050238,0.0443308,0.273829,0.68184
7208880,0.0247331,0.15134,0.823927
7021674,0.00472657,0.0267476,0.968526
6942755,0.0393416,0.243458,0.7172
6917600,0.00503655,0.0285869,0.966377
7032690,0.0201506,0.122251,0.857598
6868587,0.00501234,0.0284428,0.966545
7195532,0.00720175,0.0416089,0.951189
7139333,0.00472643,0.0267468,0.968527
7193201,0.0602279,0.368438,0.571334
6935830,0.0334584,0.206728,0.759813
7027745,0.0047264,0.0267466,0.968527
7002271,0.0603515,0.369136,0.570513
7053596,0.00472664,0.026748,0.968525
6924378,0.00472703,0.0267503,0.968523
7035700,0.00719486,0.0415658,0.951239
6995600,0.0174263,0.105039,0.877534
7147298,0.0602891,0.368784,0.570927
7082614,0.00487048,0.0275995,0.96753
6956878,0.0130492,0.0776145,0.909336
7081637,0.0047308,0.0267724,0.968497
7059003,0.0356308,0.220333,0.744036
6973721,0.00473597,0.0268028,0.968461
7058700,0.0448756,0.277045,0.678079
7084473,0.0172062,0.103662,0.879132
7075721,0.00747469,0.0432647,0.949261
7043006,0.0178307,0.107595,0.874574
7083833,0.0598535,0.366289,0.573858
6953879,0.00670234,0.0385843,0.954713
7072087,0.00472714,0.026751,0.968522
6864932,0.0194976,0.118118,0.862385
7033812,0.00472728,0.0267518,0.968521
6813832,0.017827,0.107565,0.874608
6821749,0.0603399,0.36907,0.57059
6825035,0.0168703,0.101545,0.881585
6815729,0.00492713,0.0279359,0.967137
6834683,0.023614,0.144223,0.832163
6911620,0.0151536,0.0907647,0.894082
7038720,0.0139758,0.08339,0.902634
6813128,0.0168546,0.101448,0.881697
6868450,0.0270781,0.166258,0.806663
6842542,0.00472662,0.0267479,0.968525
6941012,0.0210732,0.128094,0.850832
6898834,0.0263555,0.161664,0.81198
6953528,0.0240257,0.146844,0.82913
7093463,0.00503746,0.0285922,0.96637
6871643,0.0590449,0.36156,0.579395
7095666,0.00485322,0.0274971,0.96765
6993701,0.0151944,0.0910215,0.893784
7226119,0.00511002,0.0290241,0.965866
6873622,0.0370782,0.229383,0.733539
7077205,0.00472659,0.0267478,0.968526
7054134,0.00648519,0.0372729,0.956242
7104562,0.00503793,0.028595,0.966367
7131693,0.0603579,0.369171,0.570471
6931610,0.0589706,0.361124,0.579906
7019652,0.00646745,0.0371655,0.956367
6838329,0.00546349,0.0311342,0.963402
6827899,0.00472676,0.0267487,0.968525
6898157,0.004818,0.0272881,0.967894
7037871,0.0587468,0.359805,0.581448
6934855,0.0047266,0.0267478,0.968526
7193189,0.027124,0.166553,0.806323
6994310,0.0149711,0.0896207,0.895408
7138936,0.0194197,0.117621,0.862959
6885097,0.00749871,0.0434124,0.949089
6812519,0.0047293,0.0267636,0.968507
7100643,0.0127907,0.076007,0.911202
6997385,0.00784763,0.0455329,0.94662
7021223,0.00472689,0.0267495,0.968524
7226719,0.00673478,0.0387797,0.954485
7079450,0.0493467,0.303818,0.646836
6998887,0.00472897,0.0267617,0.968509
6924524,0.0113629,0.0671317,0.921505
7073098,0.00501066,0.0284327,0.966557
6983739,0.0167131,0.100556,0.882731
6840386,0.0134902,0.0803627,0.906147
7063322,0.0357074,0.220844,0.743449
6851224,0.00473356,0.0267886,0.968478
7058495,0.004727,0.0267502,0.968523
7000047,0.00472647,0.026747,0.968526
6899730,0.00472974,0.0267662,0.968504
6995488,0.00472716,0.0267511,0.968522
6899345,0.0603435,0.369091,0.570566
7031505,0.0603078,0.36889,0.570802
6959932,0.0338153,0.208945,0.75724
6857161,0.00472709,0.0267507,0.968522
6988222,0.0302999,0.186718,0.782982
6836125,0.00472914,0.0267627,0.968508
6855326,0.0154168,0.0924145,0.892169
7032848,0.0148653,0.0889602,0.896174
6847040,0.0570609,0.349811,0.593128
6838817,0.0370426,0.229211,0.733746
6812564,0.00472771,0.0267543,0.968518
6937287,0.0602848,0.36876,0.570955
6923630,0.0600122,0.367205,0.572783
6878086,0.00485252,0.0274929,0.967655
6821177,0.00472664,0.026748,0.968525
6947025,0.0311961,0.192423,0.776381
6899918,0.0122531,0.0726609,0.915086
6823764,0.00472728,0.0267518,0.968521
7115346,0.0292829,0.180278,0.790439
7082786,0.0153037,0.0916972,0.892999
7014025,0.0106485,0.0627181,0.926633
7143857,0.0599893,0.367073,0.572938
7225948,0.00757223,0.0438565,0.948571
6939346,0.00844954,0.049207,0.942343
7230652,0.0269185,0.165247,0.807835
7219944,0.0184628,0.111579,0.869958
7141671,0.0139744,0.0833798,0.902646
7091250,0.0142543,0.0851338,0.900612
7171892,0.0600255,0.367281,0.572693
6901359,0.00879881,0.0513403,0.939861
7128928,0.060033,0.367324,0.572643
7043922,0.0228422,0.139322,0.837836
7115125,0.0272294,0.167223,0.805547
7194688,0.0192042,0.116251,0.864544
7194058,0.00828058,0.048173,0.943546
7098635,0.0426312,0.263553,0.693815
6844489,0.00895177,0.0522793,0.938769
6854636,0.0255663,0.156641,0.817793
7101878,0.00732931,0.0423808,0.95029
7032493,0.0344101,0.212719,0.752871
6853669,0.0602947,0.368816,0.570889
6936664,0.00476575,0.0269787,0.968256
6853675,0.0188548,0.114054,0.867092
6912708,0.0602772,0.368717,0.571005
6822753,0.0146586,0.0876677,0.897674
6940791,0.0167535,0.100805,0.882441
6876041,0.0522839,0.321355,0.626362
6934844,0.00472713,0.0267509,0.968522
6837173,0.0109361,0.0644958,0.924568
7047403,0.00476108,0.026951,0.968288
6886713,0.0322908,0.199338,0.768371
6826640,0.0597402,0.365631,0.574629
7030523,0.00830252,0.0483063,0.943391
6850554,0.00641334,0.0368385,0.956748
6972149,0.004727,0.0267502,0.968523
6916271,0.0557468,0.341995,0.602259
7008176,0.06035,0.369127,0.570523
6850584,0.0330651,0.20423,0.762704
7041259,0.060281,0.368739,0.57098
7145399,0.0603462,0.369106,0.570548
7023702,0.012002,0.0711011,0.916897
7466227,0.0187483,0.113381,0.867871
6976510,0.0603545,0.369153,0.570493
6927247,0.0423629,0.261922,0.695715
6900311,0.0362574,0.224296,0.739447
7041551,0.0210509,0.127956,0.850993
7005497,0.0603597,0.369182,0.570459
6876608,0.00634488,0.0364263,0.957229
6964617,0.00994195,0.0583572,0.931701
6889014,0.0503644,0.309924,0.639711
6943618,0.0353962,0.218916,0.745688
7132384,0.0584662,0.358146,0.583387
7192594,0.0603247,0.368985,0.57069
7096631,0.0050201,0.0284889,0.966491
7211998,0.0195104,0.118199,0.86229
7166560,0.00474003,0.0268268,0.968433
7001523,0.0320104,0.197567,0.770422
6952489,0.0402318,0.248932,0.710836
6968384,0.0240486,0.146988,0.828963
7056585,0.00472641,0.0267467,0.968527
6842763,0.0362772,0.224443,0.739279
6960481,0.00838288,0.0487927,0.942824
7026703,0.0582708,0.35699,0.584739
6935465,0.0603481,0.369117,0.570535
7091430,0.0047266,0.0267478,0.968526
6961902,0.0467669,0.288441,0.664792
6881245,0.00472675,0.0267487,0.968525
7032029,0.0207392,0.125977,0.853284
6832431,0.0360531,0.223021,0.740926
6815521,0.0385807,0.238701,0.722718
6875794,0.0555694,0.340937,0.603493
6970424,0.00750148,0.0434257,0.949073
7039587,0.00472641,0.0267467,0.968527
7058429,0.0366464,0.226714,0.73664
7006994,0.0047264,0.0267466,0.968527
6960152,0.0581356,0.356189,0.585675
7059401,0.00487862,0.0276478,0.967474
7008895,0.0293089,0.180448,0.790243
6873243,0.0579277,0.354957,0.587115
7018891,0.0047325,0.0267824,0.968485
7083906,0.0151119,0.0904985,0.89439
7065757,0.00472639,0.0267466,0.968527
6900473,0.041807,0.258521,0.699672
6887537,0.0600117,0.367201,0.572788
6929160,0.0137609,0.0820491,0.90419
6848471,0.00474706,0.0268682,0.968385
6843464,0.0601202,0.367824,0.572056
6914195,0.0162816,0.0978389,0.885879
6842182,0.00474154,0.0268357,0.968423
6864272,0.00472644,0.0267469,0.968527
6855581,0.0601692,0.368104,0.571727
6922840,0.026486,0.162493,0.811021
7012232,0.0047266,0.0267478,0.968526
6932234,0.00478692,0.027104,0.968109
6923739,0.0151034,0.0904536,0.894443
6897529,0.00472792,0.0267555,0.968516
7051948,0.0603238,0.36898,0.570696
7053546,0.0601807,0.368169,0.57165
7062811,0.0221507,0.134934,0.842915
6932063,0.0603387,0.369064,0.570598
6932514,0.0300905,0.185408,0.784501
6928278,0.0104373,0.0614109,0.928152
7039652,0.0221272,0.134776,0.843097
7210922,0.00782105,0.04537,0.946809
7042921,0.05888,0.36059,0.58053
6866384,0.0187047,0.113111,0.868185
6987173,0.00473265,0.0267833,0.968484
6985827,0.00601905,0.0344654,0.959516
7022301,0.0179177,0.108143,0.873939
6999567,0.00474098,0.0268323,0.968427
7078114,0.00693002,0.0399607,0.953109
7074862,0.00472705,0.0267504,0.968523
7090233,0.0329324,0.203404,0.763663
7133763,0.00474212,0.0268391,0.968419
7200012,0.00472693,0.0267497,0.968523
7105863,0.0181869,0.109835,0.871978
7166681,0.0440229,0.271969,0.684009
6916883,0.0047826,0.0270784,0.968139
6861005,0.0603274,0.369,0.570672
6943815,0.0186721,0.112903,0.868425
6904521,0.00472735,0.0267522,0.968521
6878048,0.00472646,0.026747,0.968527
6880137,0.0218681,0.133134,0.844998
6912211,0.019506,0.118169,0.862325
6882632,0.0047267,0.0267484,0.968525
6823738,0.0104509,0.0614987,0.92805
7123927,0.00476005,0.026945,0.968295
7111775,0.00492101,0.0278997,0.967179
7165468,0.0406875,0.251738,0.707574
7178687,0.0173827,0.104769,0.877848
6895814,0.00474686,0.026867,0.968386
7135794,0.00472637,0.0267465,0.968527
7139925,0.0566138,0.347153,0.596234
7147319,0.0553279,0.339498,0.605174
7148876,0.00472639,0.0267466,0.968527
7127323,0.00913809,0.0534209,0.937441
7095378,0.0166631,0.100242,0.883095
6843581,0.0601915,0.36823,0.571578
6977717,0.00473086,0.0267728,0.968496
7191359,0.0583594,0.357516,0.584124
7171462,0.0164851,0.099123,0.884392
7192447,0.0400495,0.247781,0.712169
7167014,0.00472771,0.0267543,0.968518
7227503,0.0427222,0.264087,0.693191
7158730,0.0496134,0.305431,0.644956
6929815,0.0168141,0.101187,0.881999
7007461,0.0173447,0.104532,0.878124
7027229,0.00472682,0.0267491,0.968524
7033282,0.0129415,0.0769401,0.910118
6977319,0.00488591,0.0276912,0.967423
6964603,0.0134934,0.0803787,0.906128
7077967,0.00472672,0.0267485,0.968525
7043948,0.0203483,0.123504,0.856148
7081578,0.0332127,0.205155,0.761632
7232208,0.0106429,0.0626835,0.926674
7127701,0.0603148,0.368929,0.570756
7220885,0.0221508,0.134933,0.842916
7128382,0.00473183,0.0267785,0.96849
7116963,0.0300425,0.185103,0.784854
7192718,0.0352149,0.217737,0.747048
7151828,0.01643,0.0987628,0.884807
6869055,0.0141331,0.0843774,0.90149
6889925,0.00488049,0.0276589,0.967461
6820709,0.0065616,0.0377342,0.955704
6849581,0.00495264,0.0280876,0.96696
6891034,0.0313752,0.193536,0.775089
6944507,0.0148526,0.0888716,0.896276
6992350,0.00634078,0.0364015,0.957258
6930019,0.0361044,0.223364,0.740532
6925796,0.00473336,0.0267875,0.968479
6905948,0.0597088,0.365449,0.574842
7007248,0.0603545,0.369153,0.570493
6899849,0.058986,0.361215,0.579799
6886830,0.0455306,0.281046,0.673423
6948145,0.028229,0.173571,0.7982
6842788,0.057335,0.35144,0.591225
6857165,0.045863,0.283026,0.671111
6851675,0.0376343,0.232898,0.729468
6929776,0.0603044,0.368871,0.570825
7040077,0.0324998,0.20065,0.76685
6813555,0.0570389,0.349681,0.59328
6871732,0.00924912,0.0540983,0.936653
7027992,0.0105495,0.062107,0.927344
6978658,0.0139842,0.083446,0.90257
6977455,0.00472638,0.0267465,0.968527
6964798,0.00472834,0.026758,0.968514
6978671,0.00561567,0.032045,0.962339
7043538,0.0599225,0.366687,0.57339
7052900,0.0330429,0.204087,0.76287
7181082,0.0368456,0.227971,0.735184
6906277,0.0603607,0.369187,0.570452
7151526,0.00493836,0.0280028,0.967059
7057668,0.00479301,0.02714,0.968067
7204689,0.00786405,0.0456325,0.946503
7114149,0.0374489,0.231693,0.730858
7124230,0.0202256,0.122727,0.857047
6817671,0.00472639,0.0267466,0.968527
7042367,0.057274,0.351078,0.591648
7148973,0.0603241,0.368982,0.570694
7139123,0.0047264,0.0267466,0.968527
7147311,0.00472786,0.0267552,0.968517
7231031,0.0339254,0.209655,0.75642
7214981,0.0243382,0.148831,0.826831
7176718,0.00762734,0.0441932,0.948179
7158633,0.0156666,0.0939822,0.890351
7158791,0.0047264,0.0267467,0.968527
7105106,0.0432969,0.267551,0.689152
6834027,0.00521083,0.0296253,0.965164
6885083,0.012381,0.0734578,0.914161
7200415,0.0262595,0.161052,0.812688
7172515,0.0195543,0.118475,0.861971
7107804,0.00496402,0.0281552,0.966881
7196039,0.0216436,0.131711,0.846645
6936033,0.014419,0.0861629,0.899418
7206307,0.00472686,0.0267493,0.968524
7125602,0.0238329,0.145617,0.83055
6942922,0.0127832,0.0759575,0.911259
6850406,0.0602906,0.368793,0.570917
6877128,0.0484717,0.298637,0.652892
6905618,0.00608331,0.0348521,0.959065
6865527,0.0601578,0.368039,0.571803
6942381,0.00843992,0.0491461,0.942414
6878466,0.0223398,0.136134,0.841526
6823901,0.00893726,0.0521877,0.938875
6945912,0.0127434,0.0757066,0.91155
6858162,0.0129498,0.0769937,0.910057
6887876,0.0479084,0.295244,0.656847
7028971,0.0595754,0.364671,0.575753
6910368,0.00474348,0.0268471,0.968409
7015508,0.0252307,0.154506,0.820263
6845483,0.0601784,0.368157,0.571665
6904073,0.00472643,0.0267468,0.968527
7198649,0.0470445,0.290109,0.662847
6907335,0.0503346,0.309739,0.639926
6826551,0.00751426,0.0435031,0.948983
6850312,0.0460557,0.284172,0.669773
6885304,0.0242018,0.147962,0.827836
7222246,0.0341858,0.211289,0.754526
6889560,0.0537506,0.330099,0.61615
7142423,0.0268391,0.164738,0.808423
6999902,0.0158543,0.0951605,0.888985
6834812,0.00699511,0.0403528,0.952652
6997547,0.0329875,0.203749,0.763263
6994586,0.0277572,0.170579,0.801664
7030424,0.0313005,0.193067,0.775632
6976285,0.0318721,0.196679,0.771449
7041621,0.00474511,0.0268567,0.968398
7162104,0.0506452,0.311573,0.637781
7088374,0.0207237,0.125883,0.853393
7607512,0.0268138,0.16458,0.808606
7188235,0.00472771,0.0267543,0.968518
7007900,0.00509402,0.0289289,0.965977
7198443,0.0183109,0.110625,0.871064
7123271,0.0237128,0.144854,0.831433
7233916,0.0366977,0.227066,0.736237
7044707,0.0603186,0.368951,0.570731
7008282,0.058098,0.355968,0.585934
7027287,0.015441,0.092562,0.891997
7115070,0.0205273,0.124637,0.854836
7107489,0.00473137,0.0267757,0.968493
7082553,0.0491335,0.302574,0.648292
6860412,0.00472642,0.0267468,0.968527
7159557,0.0237946,0.145374,0.830832
7156648,0.0416192,0.257395,0.700986
7190477,0.004804,0.0272051,0.967991
7146858,0.0235392,0.143752,0.832709
6857896,0.00501986,0.0284875,0.966493
6935856,0.0181388,0.109538,0.872323
7083828,0.00531288,0.0302342,0.964453
6953998,0.00472641,0.0267467,0.968527
6982126,0.0222369,0.13548,0.842283
7026310,0.016589,0.0997775,0.883633
6936863,0.0602772,0.368717,0.571006
6861749,0.00478794,0.02711,0.968102
7069439,0.00491927,0.0278892,0.967192
7069403,0.028177,0.173253,0.79857
6983803,0.0174162,0.104984,0.8776
6850705,0.00472667,0.0267482,0.968525
6833837,0.00472652,0.0267474,0.968526
7020749,0.0203362,0.123427,0.856237
7062524,0.0048104,0.0272431,0.967947
6847540,0.0381034,0.235825,0.726071
6850887,0.0177935,0.107359,0.874847
6987041,0.0551858,0.338653,0.606162
6872212,0.00591269,0.0338263,0.960261
6813643,0.0206811,0.125607,0.853712
6827347,0.0216834,0.131966,0.84635
6844543,0.00472682,0.0267491,0.968524
7050299,0.0600985,0.367699,0.572202
6904620,0.012937,0.0769157,0.910147
7056965,0.00472638,0.0267465,0.968527
7024515,0.01461,0.0873609,0.898029
6980453,0.0193388,0.117118,0.863544
6984513,0.00472653,0.0267474,0.968526
7048549,0.0575134,0.3525,0.589986
7043788,0.0603487,0.36912,0.570531
7032880,0.0192686,0.116667,0.864064
6985694,0.0101298,0.0595175,0.930353
7013503,0.0594086,0.363696,0.576895
7160053,0.0479874,0.295738,0.656275
6958323,0.00472639,0.0267466,0.968527
6979291,0.00473004,0.0267679,0.968502
7053745,0.0601365,0.367917,0.571946
6946255,0.0152126,0.0911375,0.89365
6892615,0.0597483,0.365678,0.574574
7137091,0.0301648,0.185881,0.783955
7051600,0.0047289,0.0267613,0.96851
7190337,0.0074743,0.0432611,0.949265
7115413,0.0453371,0.279874,0.674789
7129973,0.0265219,0.162718,0.81076
7178912,0.0372517,0.230499,0.732249
6929148,0.0469667,0.289614,0.66342
6961264,0.00563905,0.0321853,0.962176
7156951,0.0164752,0.0990599,0.884465
7185076,0.0047305,0.0267706,0.968499
6849609,0.016623,0.0999868,0.88339
6821254,0.00487972,0.0276543,0.967466
6940211,0.0157676,0.0946081,0.889624
7019804,0.025526,0.156384,0.81809
6891297,0.0603596,0.369181,0.570459
7018991,0.0591556,0.362211,0.578633
7036110,0.0100338,0.0589272,0.931039
6885744,0.00472655,0.0267475,0.968526
7199855,0.00475517,0.0269161,0.968329
7023283,0.0273469,0.16797,0.804684
6871741,0.00477727,0.0270468,0.968176
7008375,0.0600165,0.367229,0.572754
6911266,0.0570651,0.349836,0.593099
6961740,0.00479644,0.0271604,0.968043
7155627,0.0500392,0.307988,0.641973
7024375,0.0196241,0.11892,0.861456
7009557,0.00472638,0.0267465,0.968527
6962769,0.0263012,0.161319,0.812379
7060352,0.0313263,0.193248,0.775426
7045246,0.0603553,0.369157,0.570488
7071265,0.00472669,0.0267483,0.968525
7009242,0.0134601,0.0801769,0.906363
7051137,0.00472723,0.0267515,0.968521
7019720,0.0317891,0.196179,0.772032
6964598,0.059638,0.365036,0.575325
7174777,0.00472642,0.0267468,0.968527
6899350,0.027854,0.171194,0.800952
6855123,0.0601935,0.368242,0.571564
6831544,0.00472641,0.0267467,0.968527
6822378,0.0514665,0.316479,0.632054
6924889,0.00472751,0.0267532,0.968519
7143562,0.0163703,0.0984038,0.885226
7128959,0.059776,0.365839,0.574385
7093845,0.0600021,0.367146,0.572852
7116603,0.0601761,0.368143,0.571681
7091547,0.027387,0.168227,0.804386
7217234,0.00475535,0.0269172,0.968327
7108336,0.0325295,0.200834,0.766637
7126625,0.0603614,0.369191,0.570447
6833299,0.0305205,0.188131,0.781349
7107433,0.00474386,0.0268493,0.968407
7208189,0.0281215,0.172899,0.79898
7119037,0.0145118,0.0867497,0.898739
7181783,0.00474292,0.0268438,0.968413
7103982,0.0603254,0.368989,0.570686
7131964,0.0281077,0.172805,0.799087
7169826,0.0603067,0.368884,0.57081
7167573,0.00947818,0.0555063,0.935016
7202109,0.056187,0.344616,0.599198
7205643,0.0176571,0.106499,0.875844
7224685,0.0496884,0.305888,0.644423
7173021,0.0284329,0.174873,0.796694
7205327,0.00472644,0.0267469,0.968527
7177373,0.0412589,0.25518,0.703561
7122039,0.0601805,0.368168,0.571651
6926635,0.0357075,0.22087,0.743423
6938328,0.0454937,0.28079,0.673716
6908186,0.057879,0.354669,0.587452
6904559,0.00472638,0.0267465,0.968527
7061109,0.00472677,0.0267488,0.968524
7200463,0.06035,0.369127,0.570523
7111689,0.0141395,0.0844228,0.901438
6973866,0.00478272,0.027079,0.968138
7155241,0.012314,0.0730406,0.914645
7033594,0.0124674,0.0739884,0.913544
7145574,0.0566607,0.347432,0.595908
7022185,0.0527458,0.324112,0.623142
6859664,0.0351193,0.217144,0.747737
6934954,0.00472638,0.0267465,0.968527
7040821,0.0049395,0.0280096,0.967051
6829109,0.0217961,0.132681,0.845523
6812127,0.00472652,0.0267473,0.968526
7002807,0.0422898,0.261482,0.696228
6879565,0.00915906,0.0535468,0.937294
6927690,0.0148417,0.0888118,0.896346
6812035,0.00475252,0.0269005,0.968347
7077950,0.00493316,0.0279718,0.967095
6968031,0.0603585,0.369175,0.570467
6888027,0.0592761,0.362919,0.577805
6886303,0.0212961,0.129505,0.849199
6956285,0.00604442,0.0346181,0.959337
6936523,0.0306362,0.188854,0.78051
7022939,0.00472652,0.0267474,0.968526
6903790,0.00472666,0.0267481,0.968525
6832177,0.0570318,0.349638,0.59333
6944007,0.0596307,0.364994,0.575375
7047272,0.00735622,0.0425444,0.950099
6825540,0.00646986,0.0371797,0.95635
7188426,0.0273577,0.16804,0.804602
6814812,0.0249064,0.152444,0.822649
7180593,0.0570801,0.349925,0.592995
6812465,0.0111418,0.0657712,0.923087
7229646,0.0518945,0.319028,0.629077
7139129,0.00675439,0.0388987,0.954347
7251885,0.00473165,0.0267774,0.968491
7211772,0.0337431,0.208529,0.757728
6896103,0.0157436,0.0944611,0.889795
7049335,0.00472648,0.0267471,0.968526
6959329,0.00473335,0.0267874,0.968479
6974259,0.0205298,0.12465,0.85482
6995245,0.0529773,0.325496,0.621527
7106808,0.00528024,0.0300396,0.96468
6991389,0.026592,0.163168,0.81024
7021399,0.0470896,0.290339,0.662571
7031320,0.0599024,0.366571,0.573527
7209055,0.030796,0.189865,0.779339
6958202,0.00473747,0.0268117,0.968451
7219079,0.00472668,0.0267483,0.968525
7185806,0.0200439,0.121577,0.858379
7155386,0.0180432,0.108924,0.873032
7180970,0.00477181,0.0270145,0.968214
6937286,0.0178886,0.107952,0.874159
6828893,0.0124088,0.0736273,0.913964
6881808,0.00472654,0.0267475,0.968526
6858052,0.00474541,0.0268585,0.968396
6879029,0.0236269,0.144307,0.832066
6850774,0.00472653,0.0267474,0.968526
7000357,0.0356312,0.220354,0.744015
7010476,0.0563162,0.345383,0.598301
