listing_id,high,medium,low
6923480,0.0345413,0.100179,0.86528
6943863,0.159878,0.484053,0.356069
6945340,0.0224009,0.0635886,0.914011
7049150,0.0227355,0.0645844,0.91268
6903433,0.0224009,0.0635886,0.914011
6819290,0.0224015,0.0635906,0.914008
6964067,0.0224033,0.0635957,0.914001
7203147,0.0224009,0.0635886,0.914011
7208914,0.0224009,0.0635886,0.914011
6915300,0.0224009,0.0635886,0.914011
7143383,0.0224178,0.0636392,0.913943
6874605,0.0224009,0.0635886,0.914011
7122219,0.0391989,0.114368,0.846433
7201388,0.0263456,0.0753981,0.898256
6834456,0.0587475,0.174465,0.766787
6908332,0.159833,0.483916,0.356251
7145545,0.0224011,0.0635892,0.91401
7145676,0.0259764,0.0742711,0.899752
7094921,0.0224009,0.0635886,0.91401
7126171,0.0224009,0.0635886,0.914011
7124127,0.159866,0.484015,0.356119
6875312,0.159878,0.484054,0.356067
6918374,0.159879,0.484055,0.356066
7181994,0.0224009,0.0635886,0.914011
6829290,0.026556,0.0760288,0.897415
6840625,0.159878,0.484054,0.356068
7001838,0.0255851,0.0731057,0.901309
7020228,0.0224013,0.0635897,0.914009
6883245,0.159879,0.484055,0.356067
7049830,0.056091,0.16624,0.777669
6877675,0.159878,0.484054,0.356067
6973375,0.0225175,0.063936,0.913547
7057028,0.0531849,0.157282,0.789533
6968506,0.0630905,0.187911,0.748999
6852195,0.14892,0.451205,0.399875
7017535,0.0474794,0.139721,0.8128
6881934,0.15987,0.484028,0.356102
6898272,0.159877,0.484049,0.356074
6894646,0.0224009,0.0635886,0.91401
7002484,0.159381,0.482526,0.358092
6815349,0.0224009,0.0635886,0.914011
6830333,0.0224009,0.0635886,0.914011
6834350,0.158898,0.481061,0.360041
6899699,0.11653,0.352761,0.530709
6948262,0.0796511,0.238873,0.681476
6919355,0.0231436,0.0657947,0.911062
6879655,0.159879,0.484055,0.356066
6917168,0.053014,0.156759,0.790227
6813069,0.159727,0.483588,0.356686
6928482,0.0224009,0.0635886,0.91401
6827419,0.159876,0.484047,0.356077
7007564,0.159879,0.484055,0.356066
6970753,0.159788,0.483777,0.356435
6972734,0.110359,0.333607,0.556034
6896011,0.159879,0.484055,0.356067
6819769,0.153546,0.464947,0.381507
7052822,0.022401,0.063589,0.91401
7024183,0.0224012,0.0635897,0.914009
6943102,0.0224442,0.0637178,0.913838
7062168,0.159879,0.484055,0.356066
7026004,0.138917,0.421589,0.439494
7048164,0.159879,0.484055,0.356067
6854154,0.0227257,0.0645547,0.91272
6926747,0.0224009,0.0635888,0.91401
6817261,0.0749614,0.224514,0.700525
6926082,0.0224014,0.0635902,0.914008
7020275,0.159879,0.484055,0.356066
6895898,0.0224009,0.0635886,0.91401
6870725,0.0224009,0.0635887,0.91401
6995450,0.159879,0.484055,0.356066
6918723,0.0888214,0.266956,0.644223
6938464,0.0276949,0.0794671,0.892838
6818901,0.0545945,0.161614,0.783792
6878952,0.0224014,0.06359,0.914009
7244110,0.022401,0.0635889,0.91401
6886262,0.159877,0.48405,0.356073
6986540,0.0437583,0.128295,0.827947
6936585,0.159877,0.484049,0.356074
7138658,0.0224009,0.0635886,0.914011
7094836,0.0224009,0.0635886,0.914011
7142588,0.15971,0.483535,0.356756
7228347,0.0224009,0.0635886,0.914011
7092957,0.125889,0.381829,0.492282
7175929,0.108468,0.327511,0.564021
7095106,0.0224009,0.0635887,0.91401
7094591,0.159878,0.484054,0.356068
7118353,0.0224009,0.0635886,0.914011
7204521,0.0224009,0.0635886,0.914011
7210229,0.0268175,0.0768235,0.896359
7091599,0.159875,0.484044,0.356081
7168487,0.02405,0.0685027,0.907447
7170292,0.159878,0.484052,0.35607
6880955,0.0224009,0.0635886,0.914011
6992009,0.0224082,0.0636106,0.913981
6891929,0.118613,0.359276,0.522111
7179890,0.159879,0.484055,0.356066
6893832,0.0224009,0.0635886,0.914011
7042053,0.0224009,0.0635886,0.914011
6966865,0.159879,0.484055,0.356066
7099225,0.159879,0.484055,0.356067
7094455,0.0893039,0.268416,0.642281
7105183,0.159879,0.484055,0.356066
7207738,0.0774154,0.23202,0.690564
7132410,0.0224009,0.0635886,0.914011
7091511,0.159873,0.484037,0.35609
7045805,0.0224009,0.0635886,0.914011
7159595,0.0659193,0.196687,0.737393
6999952,0.0224009,0.0635887,0.91401
7082366,0.0224009,0.0635886,0.914011
6861826,0.159426,0.482665,0.357909
6996784,0.0224009,0.0635886,0.91401
6982727,0.0224009,0.0635886,0.914011
7055436,0.022401,0.0635888,0.91401
7008336,0.0224009,0.0635886,0.91401
7187137,0.0224009,0.0635886,0.914011
7210147,0.0790958,0.237186,0.683719
7132694,0.120494,0.365093,0.514413
7133799,0.0224009,0.0635886,0.914011
7132383,0.159879,0.484055,0.356067
7226809,0.159879,0.484055,0.356066
7174376,0.065038,0.193961,0.741001
7020909,0.0224009,0.0635886,0.914011
7008466,0.022401,0.0635889,0.91401
7131802,0.159879,0.484055,0.356067
6996222,0.159879,0.484055,0.356066
6955267,0.0224009,0.0635886,0.914011
7006262,0.0654438,0.195186,0.73937
7160392,0.149295,0.452335,0.398371
7200095,0.0224013,0.06359,0.914009
7207521,0.0224021,0.0635921,0.914006
6961649,0.0224013,0.06359,0.914009
7063794,0.0287454,0.0826244,0.88863
7213771,0.0224009,0.0635887,0.91401
7129102,0.081474,0.244387,0.674139
7222646,0.159877,0.484049,0.356075
7091418,0.159878,0.484054,0.356067
6939214,0.0224034,0.0635961,0.914001
6991435,0.159878,0.484054,0.356068
7227993,0.0224012,0.0635894,0.914009
7210207,0.0660802,0.19695,0.73697
6970510,0.159879,0.484055,0.356067
7087944,0.0778549,0.233388,0.688757
6986305,0.0410563,0.120026,0.838918
7200231,0.0224009,0.0635887,0.91401
7096502,0.0224009,0.0635886,0.914011
7125348,0.0767589,0.230051,0.69319
7095743,0.0303079,0.087344,0.882348
6917231,0.0986538,0.297149,0.604197
7043433,0.0224009,0.0635886,0.91401
6960911,0.0945772,0.284563,0.62086
7188607,0.0224009,0.0635886,0.914011
7008116,0.0224009,0.0635886,0.914011
7021087,0.159187,0.481943,0.35887
6983994,0.0370616,0.10784,0.855098
7025966,0.159872,0.484035,0.356093
6995189,0.0224009,0.0635886,0.914011
7068810,0.0468289,0.137716,0.815456
6995151,0.0224015,0.0635904,0.914008
7215432,0.04155,0.121556,0.836894
7003109,0.0224016,0.0635907,0.914008
7083438,0.0900605,0.270669,0.639271
7025547,0.0962603,0.289718,0.614021
7222251,0.0968449,0.291522,0.611633
6813450,0.0224009,0.0635886,0.914011
7079748,0.0224011,0.0635892,0.91401
7204635,0.0224276,0.0636683,0.913904
7033166,0.131079,0.397877,0.471044
7052934,0.0577263,0.171296,0.770978
7001839,0.0224009,0.0635886,0.91401
7055366,0.0733645,0.219554,0.707081
6976995,0.0436676,0.128031,0.828302
6970333,0.0333972,0.0967064,0.869896
6960544,0.159875,0.484043,0.356082
6858289,0.0224009,0.0635887,0.91401
6975397,0.0956658,0.287921,0.616414
7083722,0.0224009,0.0635886,0.914011
7152125,0.0781612,0.234318,0.687521
6978147,0.0224009,0.0635886,0.914011
7024869,0.0351809,0.102133,0.862686
6998830,0.0224009,0.0635886,0.914011
6986803,0.104304,0.314625,0.581071
6893376,0.0224009,0.0635886,0.914011
6914950,0.0224023,0.0635928,0.914005
7000240,0.159879,0.484055,0.356066
6938528,0.0651909,0.194411,0.740398
6964346,0.158986,0.481323,0.359691
6915912,0.131869,0.400378,0.467752
6834479,0.0224009,0.0635887,0.91401
7080803,0.0224009,0.0635886,0.914011
7070955,0.0224009,0.0635887,0.91401
6833138,0.159879,0.484055,0.356067
7079726,0.0972795,0.292897,0.609823
6887947,0.0224009,0.0635886,0.914011
6910082,0.0284272,0.0816828,0.88989
6917277,0.0224009,0.0635886,0.91401
6872401,0.022401,0.0635888,0.91401
6877322,0.159875,0.484043,0.356082
6842490,0.159879,0.484055,0.356066
6855363,0.0224009,0.0635886,0.914011
6861563,0.159879,0.484055,0.356066
6827845,0.132479,0.402233,0.465288
6860224,0.0224009,0.0635886,0.914011
6837770,0.0549136,0.162617,0.782469
6906518,0.159878,0.484054,0.356067
6942523,0.156755,0.474554,0.368691
6835685,0.0224009,0.0635886,0.914011
6931035,0.065466,0.19527,0.739264
6815221,0.0598718,0.177945,0.762183
6895076,0.0224009,0.0635886,0.914011
6906718,0.0570877,0.169318,0.773594
6859510,0.159879,0.484055,0.356066
7078714,0.159879,0.484055,0.356066
7037636,0.0224009,0.0635886,0.914011
7172370,0.108188,0.326759,0.565053
6893021,0.0225071,0.0639048,0.913588
6854171,0.0224009,0.0635886,0.914011
7166752,0.0224009,0.0635886,0.914011
7116574,0.103613,0.312585,0.583803
6963481,0.0262815,0.0752085,0.89851
7041861,0.0699541,0.208926,0.72112
7055915,0.150181,0.454972,0.394846
7020420,0.159879,0.484055,0.356066
7076265,0.0236368,0.0672698,0.909093
6965759,0.0526827,0.155741,0.791576
7059879,0.0224029,0.0635947,0.914002
6822654,0.0224009,0.0635886,0.914011
6876965,0.0224011,0.0635893,0.91401
6852317,0.149493,0.452912,0.397595
6945640,0.159867,0.48402,0.356113
6976688,0.159879,0.484055,0.356066
7064119,0.0694799,0.20764,0.722881
6816088,0.159879,0.484055,0.356066
6827274,0.124952,0.37893,0.496118
6996717,0.0224093,0.0636137,0.913977
7059096,0.063145,0.188085,0.74877
6958571,0.0224009,0.0635886,0.914011
7082395,0.022401,0.0635891,0.91401
7083520,0.0224009,0.0635886,0.91401
6904893,0.0852734,0.256021,0.658705
7178544,0.0357219,0.103767,0.860512
6917459,0.022401,0.0635891,0.91401
7214902,0.159879,0.484055,0.356066
7121106,0.158872,0.480975,0.360152
7107383,0.0458689,0.134755,0.819376
7147675,0.0224009,0.0635886,0.914011
7075421,0.0224009,0.0635886,0.914011
7068245,0.0224009,0.0635886,0.91401
7128728,0.0224009,0.0635886,0.914011
7020220,0.159876,0.484046,0.356079
7210272,0.159879,0.484055,0.356066
7079670,0.0311277,0.08983,0.879042
7091439,0.0224009,0.0635886,0.914011
7169897,0.159878,0.484052,0.356071
7196526,0.0224009,0.0635886,0.91401
7218504,0.0224009,0.0635886,0.914011
7114390,0.022401,0.0635889,0.91401
7101957,0.159875,0.484045,0.356079
7166105,0.0224009,0.0635886,0.914011
7175514,0.121203,0.367352,0.511446
7123544,0.15986,0.483998,0.356142
7130018,0.027335,0.0783859,0.894279
7218631,0.147298,0.44627,0.406432
7204398,0.0224009,0.0635886,0.914011
7134072,0.0224009,0.0635886,0.91401
7104243,0.159879,0.484055,0.356066
7133822,0.0224009,0.0635887,0.91401
7182664,0.151491,0.458772,0.389737
7158237,0.111951,0.338441,0.549608
7097249,0.0224383,0.0637002,0.913862
7159778,0.0224009,0.0635886,0.914011
6878394,0.022882,0.0650217,0.912096
7123179,0.0224009,0.0635886,0.91401
7121601,0.0376896,0.109767,0.852543
7126334,0.0224009,0.0635887,0.91401
7169763,0.0607354,0.180589,0.758675
7229953,0.0729042,0.21811,0.708986
6854704,0.159877,0.48405,0.356072
7052385,0.159802,0.483818,0.35638
6916257,0.0224009,0.0635886,0.91401
6980337,0.159874,0.484042,0.356084
6998437,0.0224009,0.0635886,0.914011
6969802,0.0224028,0.0635944,0.914003
7049475,0.0312027,0.0900605,0.878737
6969253,0.0505997,0.149315,0.800086
7062187,0.0729806,0.21843,0.70859
6846216,0.022401,0.0635888,0.91401
6832420,0.0224724,0.0638016,0.913726
6819703,0.15651,0.473822,0.369668
6813971,0.022401,0.0635891,0.91401
6875704,0.159877,0.484049,0.356074
6875626,0.0796276,0.238817,0.681555
6982751,0.159879,0.484055,0.356066
6880945,0.0224009,0.0635886,0.91401
7059753,0.0224009,0.0635886,0.914011
7010046,0.0224009,0.0635886,0.91401
7160267,0.0839927,0.252112,0.663895
7138867,0.0224009,0.0635886,0.914011
7099782,0.0515903,0.152379,0.79603
7151860,0.0224009,0.0635886,0.914011
7139595,0.159873,0.484039,0.356088
7168015,0.110793,0.334827,0.55438
7156789,0.0858889,0.257926,0.656185
7093515,0.159876,0.484046,0.356078
7192056,0.159829,0.483902,0.356268
7129715,0.159878,0.484053,0.356069
7051602,0.0224009,0.0635886,0.914011
7213479,0.159879,0.484055,0.356066
7146123,0.0224009,0.0635886,0.914011
6862698,0.0224015,0.0635905,0.914008
6870927,0.0642506,0.191517,0.744232
6875573,0.159878,0.484054,0.356068
6937746,0.155987,0.472238,0.371775
6909179,0.0224009,0.0635886,0.914011
6852099,0.159813,0.483852,0.356336
6893205,0.159879,0.484055,0.356066
6930963,0.0432588,0.126767,0.829974
6942214,0.0964536,0.290239,0.613308
6844913,0.0256552,0.0733112,0.901034
6903236,0.0291092,0.083738,0.887153
6946860,0.0402821,0.117687,0.84203
7020127,0.159879,0.484055,0.356066
6966491,0.0420438,0.123094,0.834863
7081378,0.0224009,0.0635886,0.914011
7008212,0.0224009,0.0635886,0.91401
6982329,0.0666915,0.199073,0.734235
7060761,0.0288316,0.0828927,0.888276
7049886,0.159874,0.484041,0.356084
6990231,0.0224009,0.0635886,0.914011
7039323,0.159875,0.484045,0.35608
7029209,0.0224009,0.0635886,0.914011
7699418,0.0224009,0.0635886,0.914011
7027632,0.0224009,0.0635886,0.91401
6958438,0.159491,0.482868,0.357641
7156654,0.159879,0.484055,0.356067
6989632,0.159879,0.484055,0.356067
7077502,0.022401,0.0635888,0.91401
7007559,0.105639,0.318858,0.575503
7016824,0.0224009,0.0635886,0.914011
6973596,0.159873,0.484037,0.35609
7017376,0.159791,0.483785,0.356424
6900717,0.159826,0.483893,0.35628
6813018,0.0224009,0.0635886,0.91401
7026065,0.159876,0.484048,0.356076
7193862,0.107147,0.32341,0.569443
7072252,0.135395,0.410822,0.453783
7039301,0.0288379,0.082922,0.88824
7106867,0.0224009,0.0635886,0.914011
7064397,0.0889766,0.267349,0.643675
6850341,0.0601501,0.178796,0.761054
7148219,0.137068,0.415825,0.447107
7169523,0.0513879,0.151758,0.796854
6881031,0.0224014,0.0635903,0.914008
6876893,0.159387,0.482546,0.358067
7113543,0.0348171,0.101015,0.864168
6956467,0.0224009,0.0635886,0.91401
6818384,0.0224009,0.0635886,0.914011
6843735,0.0224009,0.0635886,0.91401
7058865,0.0224126,0.0636237,0.913964
7198510,0.0472982,0.139177,0.813525
6866021,0.159108,0.481697,0.359195
7033237,0.0702575,0.210019,0.719723
7186037,0.0224009,0.0635888,0.91401
7216301,0.0229903,0.0653427,0.911667
6931646,0.0895746,0.269177,0.641248
7096664,0.0871874,0.261887,0.650926
7213577,0.026717,0.0765204,0.896763
7229182,0.0224009,0.0635886,0.91401
7020290,0.159879,0.484055,0.356066
6962486,0.0675538,0.201682,0.730764
7163619,0.159811,0.483845,0.356344
7044154,0.04055,0.118477,0.840973
6994158,0.159877,0.484051,0.356072
6954609,0.129755,0.393827,0.476418
7203455,0.151119,0.457691,0.39119
7039138,0.0224009,0.0635886,0.914011
7069927,0.0224009,0.0635886,0.914011
6989176,0.129764,0.393959,0.476277
6990855,0.0831229,0.24946,0.667418
6859936,0.0224009,0.0635886,0.914011
7151723,0.125964,0.382121,0.491914
6944621,0.0224009,0.0635886,0.914011
6893419,0.159879,0.484055,0.356066
7139628,0.105481,0.318202,0.576317
7067182,0.159872,0.484034,0.356095
7116008,0.0224009,0.0635886,0.914011
6860780,0.159875,0.484044,0.356081
6875516,0.0268773,0.0770048,0.896118
6920886,0.0890835,0.267717,0.6432
6818242,0.0224009,0.0635886,0.914011
6911076,0.0402112,0.117473,0.842316
6858969,0.159684,0.483456,0.35686
6852329,0.0656309,0.195781,0.738588
6910225,0.0224009,0.0635886,0.914011
7072336,0.159879,0.484055,0.356066
7170589,0.137289,0.416772,0.445939
7012953,0.159869,0.484024,0.356107
7123283,0.159879,0.484055,0.356066
7093591,0.0224009,0.0635886,0.91401
6931847,0.159878,0.484053,0.356068
7190934,0.159871,0.484031,0.356099
6843860,0.159876,0.484047,0.356077
6831331,0.022401,0.063589,0.91401
6864063,0.133589,0.404991,0.461421
6859285,0.159879,0.484055,0.356066
7223056,0.022401,0.0635889,0.91401
7142010,0.0243911,0.0695192,0.90609
7044159,0.0224009,0.0635886,0.91401
6856891,0.159879,0.484055,0.356066
7164150,0.022416,0.0636338,0.91395
7041081,0.159879,0.484055,0.356066
7173764,0.159596,0.483188,0.357216
7089871,0.0856777,0.257264,0.657058
6960575,0.0433528,0.127066,0.829581
7148929,0.157149,0.475743,0.367108
7097053,0.0743942,0.222812,0.702794
7190211,0.022401,0.0635889,0.91401
6897785,0.0414508,0.121235,0.837314
6937961,0.0224009,0.0635886,0.914011
6994766,0.159879,0.484055,0.356066
6967078,0.159879,0.484055,0.356066
7004760,0.0225487,0.0640288,0.913422
6962434,0.0331364,0.0959093,0.870954
6986690,0.0506602,0.149492,0.799847
6993126,0.0224009,0.0635886,0.914011
7015143,0.0740448,0.221724,0.704231
7055242,0.0224029,0.0635945,0.914003
7029099,0.114544,0.346563,0.538894
6829584,0.0233669,0.0664635,0.91017
6886109,0.0224009,0.0635886,0.914011
6895226,0.0382663,0.111526,0.850207
6818201,0.022401,0.0635889,0.91401
6887773,0.159862,0.484004,0.356134
6874305,0.0724442,0.216816,0.71074
6945256,0.0224009,0.0635888,0.91401
6860570,0.0224009,0.0635887,0.91401
6841851,0.0224009,0.0635886,0.914011
6986323,0.126038,0.382423,0.491538
6826419,0.0412453,0.120622,0.838132
7071997,0.0224009,0.0635886,0.914011
6912910,0.0224206,0.0636474,0.913932
6970019,0.0224009,0.0635886,0.914011
7071628,0.0224009,0.0635886,0.914011
6965706,0.0224009,0.0635886,0.914011
6893097,0.0781333,0.234132,0.687735
6971586,0.159447,0.482732,0.357821
7057364,0.0224009,0.0635887,0.91401
7065649,0.0224009,0.0635888,0.91401
6881758,0.0224009,0.0635886,0.914011
6857870,0.159836,0.483923,0.356241
6946359,0.0273763,0.0785028,0.894121
6925112,0.159878,0.484052,0.35607
6984791,0.0224018,0.0635913,0.914007
7076647,0.144591,0.438267,0.417142
6891824,0.0224009,0.0635886,0.914011
6975586,0.0224164,0.063635,0.913949
7024908,0.159879,0.484055,0.356066
7020951,0.0224009,0.0635886,0.91401
6961813,0.0224971,0.0638754,0.913628
6994050,0.159867,0.484018,0.356115
7136723,0.15892,0.481125,0.359954
6992492,0.0374822,0.109125,0.853393
6897077,0.159791,0.483785,0.356424
6840305,0.158554,0.480013,0.361433
6820064,0.0224009,0.0635886,0.914011
6893231,0.0345664,0.100262,0.865172
6868924,0.132042,0.400922,0.467036
6876525,0.0527725,0.155996,0.791231
6882735,0.0224012,0.0635895,0.914009
7215889,0.159272,0.4822,0.358528
7191319,0.159878,0.484054,0.356067
6903956,0.0224009,0.0635886,0.914011
7316263,0.159879,0.484055,0.356066
7186538,0.022403,0.063595,0.914002
6842434,0.159878,0.484054,0.356067
6861751,0.159879,0.484055,0.356066
6881005,0.0224009,0.0635886,0.91401
6863915,0.159463,0.482782,0.357755
7022765,0.04299,0.125961,0.831049
7067494,0.0710275,0.212398,0.716575
7000777,0.0345406,0.100177,0.865283
7078298,0.0224009,0.0635886,0.914011
6960538,0.142493,0.432242,0.425266
6960499,0.1598,0.483813,0.356387
7048947,0.0224009,0.0635886,0.914011
6835379,0.0224009,0.0635886,0.91401
6968011,0.0224009,0.0635886,0.914011
7008231,0.159878,0.484053,0.356068
7228623,0.0656835,0.195895,0.738422
7109525,0.022768,0.0646816,0.91255
6975192,0.159879,0.484055,0.356067
7077800,0.0224009,0.0635886,0.914011
6872270,0.136194,0.413347,0.450459
6822218,0.0421364,0.123338,0.834525
6840647,0.0253286,0.0723377,0.902334
6897209,0.110357,0.333485,0.556158
6898752,0.023391,0.0665337,0.910075
6872481,0.0637363,0.189909,0.746355
7183419,0.114651,0.346899,0.538449
6861323,0.0549929,0.162863,0.782144
7081372,0.0224013,0.0635898,0.914009
7194473,0.0224009,0.0635886,0.91401
7088873,0.0224011,0.0635893,0.91401
6842317,0.107842,0.325651,0.566507
6842289,0.15987,0.484027,0.356103
7191206,0.0224009,0.0635886,0.914011
7013727,0.0224009,0.0635886,0.914011
7107521,0.0224009,0.0635886,0.914011
7164658,0.101371,0.305487,0.593142
7135159,0.107314,0.3241,0.568585
7166777,0.159879,0.484055,0.356066
7173330,0.159879,0.484055,0.356066
7137210,0.159879,0.484055,0.356066
7221931,0.022422,0.0636515,0.913927
7217192,0.0224009,0.0635887,0.91401
7217567,0.142986,0.433751,0.423264
7091272,0.159879,0.484055,0.356066
7022754,0.159463,0.482781,0.357756
7147441,0.159878,0.484054,0.356068
7210048,0.0224009,0.0635886,0.914011
7137916,0.126344,0.383391,0.490265
7004418,0.0224016,0.0635907,0.914008
6855092,0.0397369,0.116024,0.84424
6920514,0.116984,0.354222,0.528794
6823429,0.159879,0.484055,0.356066
7414249,0.0257871,0.0737151,0.900498
7139750,0.159879,0.484055,0.356066
7097396,0.159879,0.484055,0.356066
7142478,0.112429,0.340023,0.547548
7040581,0.0224009,0.0635886,0.91401
7232727,0.0224026,0.0635937,0.914004
6897171,0.151553,0.458932,0.389515
7229042,0.0224009,0.0635886,0.914011
7201863,0.159879,0.484055,0.356066
6847304,0.0224009,0.0635886,0.914011
7171787,0.0224009,0.0635886,0.91401
7158241,0.0231651,0.0658628,0.910972
7206790,0.0224009,0.0635886,0.914011
7466236,0.0224009,0.0635887,0.91401
6879810,0.159875,0.484042,0.356083
6812216,0.0230613,0.065552,0.911387
6858232,0.159877,0.484051,0.356071
7029381,0.159873,0.484037,0.356089
6863751,0.0224009,0.0635886,0.914011
6969520,0.0672588,0.200804,0.731937
6860349,0.117512,0.355865,0.526623
6901003,0.159879,0.484055,0.356066
6831319,0.159872,0.484034,0.356094
7058331,0.159879,0.484055,0.356066
6954142,0.100195,0.301859,0.597946
6844366,0.159879,0.484055,0.356066
7194002,0.159865,0.484013,0.356122
6873373,0.0296227,0.085286,0.885091
7076073,0.159879,0.484055,0.356066
7031023,0.159878,0.484054,0.356067
6985019,0.0696748,0.208285,0.72204
7004201,0.0355831,0.103346,0.861071
7050238,0.159878,0.484053,0.356068
7208880,0.0512189,0.151236,0.797545
7021674,0.0224009,0.0635886,0.914011
6942755,0.0865577,0.259947,0.653496
6917600,0.0224009,0.0635887,0.91401
7032690,0.0709865,0.212318,0.716696
6868587,0.0224062,0.0636044,0.913989
7195532,0.0224009,0.0635886,0.91401
7139333,0.0224009,0.0635886,0.914011
7193201,0.159879,0.484055,0.356067
6935830,0.137785,0.418002,0.444213
7027745,0.0224009,0.0635886,0.914011
7002271,0.159879,0.484055,0.356066
7053596,0.0224009,0.0635888,0.91401
6924378,0.0224009,0.0635886,0.914011
7035700,0.0224097,0.063615,0.913975
6995600,0.0224677,0.0637875,0.913745
7147298,0.159879,0.484055,0.356067
7082614,0.0224009,0.0635887,0.91401
6956878,0.0224912,0.0638577,0.913651
7081637,0.0224009,0.0635886,0.91401
7059003,0.0962856,0.289773,0.613942
6973721,0.0224009,0.0635888,0.91401
7058700,0.159876,0.484046,0.356079
7084473,0.0467662,0.13753,0.815704
7075721,0.0355436,0.103216,0.861241
7043006,0.025375,0.0724743,0.902151
7083833,0.159868,0.484022,0.356111
6953879,0.0245901,0.0701167,0.905293
7072087,0.0224009,0.0635886,0.914011
6864932,0.0846409,0.254106,0.661254
7033812,0.0224009,0.0635886,0.914011
6813832,0.0224014,0.06359,0.914009
6821749,0.159879,0.484055,0.356066
6825035,0.0544762,0.161268,0.784256
6815729,0.0224212,0.0636493,0.91393
6834683,0.129886,0.39402,0.476094
6911620,0.0735869,0.220131,0.706282
7038720,0.159726,0.483586,0.356688
6813128,0.108483,0.327599,0.563918
6868450,0.0417492,0.122163,0.836088
6842542,0.0224009,0.0635886,0.914011
6941012,0.0821137,0.246338,0.671548
6898834,0.0426127,0.124824,0.832563
6953528,0.147199,0.446152,0.406649
7093463,0.0226447,0.0643149,0.91304
6871643,0.159879,0.484055,0.356066
7095666,0.0224009,0.0635886,0.914011
6993701,0.0579403,0.171961,0.770099
7226119,0.0224013,0.0635897,0.914009
6873622,0.159879,0.484055,0.356066
7077205,0.0224009,0.0635886,0.914011
7054134,0.0224534,0.0637453,0.913801
7104562,0.0224009,0.0635886,0.91401
7131693,0.159879,0.484055,0.356066
6931610,0.159879,0.484055,0.356066
7019652,0.0224011,0.0635893,0.91401
6838329,0.022401,0.0635889,0.91401
6827899,0.0224009,0.0635886,0.91401
6898157,0.0224012,0.0635897,0.914009
7037871,0.159878,0.484054,0.356067
6934855,0.0224009,0.0635886,0.914011
7193189,0.0224442,0.0637178,0.913838
6994310,0.0224029,0.0635947,0.914002
7138936,0.0714979,0.213877,0.714625
6885097,0.0290906,0.0836816,0.887228
6812519,0.0224009,0.0635886,0.91401
7100643,0.0229755,0.0652976,0.911727
6997385,0.0224029,0.0635948,0.914002
7021223,0.0224009,0.0635886,0.91401
7226719,0.0224011,0.0635892,0.91401
7079450,0.159877,0.484051,0.356072
6998887,0.0224009,0.0635886,0.91401
6924524,0.0267426,0.0765977,0.89666
7073098,0.0224009,0.0635887,0.91401
6983739,0.0718852,0.215024,0.713091
6840386,0.0665372,0.198602,0.73486
7063322,0.146145,0.44307,0.410785
6851224,0.0224009,0.0635886,0.914011
7058495,0.0224009,0.0635886,0.914011
7000047,0.0224009,0.0635886,0.91401
6899730,0.0224009,0.0635886,0.914011
6995488,0.0224009,0.0635886,0.914011
6899345,0.159879,0.484055,0.356066
7031505,0.159879,0.484055,0.356066
6959932,0.159874,0.48404,0.356087
6857161,0.0224009,0.0635886,0.914011
6988222,0.0241552,0.0688122,0.907033
6836125,0.022401,0.0635889,0.91401
6855326,0.0652185,0.194517,0.740265
7032848,0.148059,0.448665,0.403276
6847040,0.159878,0.484052,0.35607
6838817,0.157471,0.476726,0.365803
6812564,0.0224009,0.0635886,0.91401
6937287,0.159871,0.484031,0.356098
6923630,0.14365,0.435676,0.420675
6878086,0.0224009,0.0635886,0.91401
6821177,0.0224009,0.0635886,0.914011
6947025,0.158771,0.480667,0.360562
6899918,0.0224011,0.0635893,0.91401
6823764,0.0224013,0.0635898,0.914009
7115346,0.0762821,0.228484,0.695234
7082786,0.0657843,0.196204,0.738012
7014025,0.0224091,0.0636132,0.913978
7143857,0.159879,0.484055,0.356066
7225948,0.0224043,0.0635987,0.913997
6939346,0.042745,0.125194,0.832061
7230652,0.0883201,0.265396,0.646284
7219944,0.0224013,0.0635899,0.914009
7141671,0.112864,0.341323,0.545814
7091250,0.0224139,0.0636276,0.913958
7171892,0.159879,0.484055,0.356066
6901359,0.0224014,0.0635902,0.914008
7128928,0.159868,0.484023,0.356108
7043922,0.0330885,0.0957761,0.871135
7115125,0.134164,0.406971,0.458865
7194688,0.0840342,0.252238,0.663728
7194058,0.0245505,0.0699965,0.905453
7098635,0.15182,0.459728,0.388453
6844489,0.0224011,0.0635893,0.91401
6854636,0.0727902,0.217803,0.709407
7101878,0.0224013,0.0635897,0.914009
7032493,0.0540683,0.159957,0.785975
6853669,0.159879,0.484055,0.356066
6936664,0.0224109,0.0636184,0.913971
6853675,0.0726734,0.217519,0.709808
6912708,0.159879,0.484055,0.356066
6822753,0.0572609,0.169848,0.772891
6940791,0.0248715,0.0709577,0.904171
6876041,0.159878,0.484054,0.356067
6934844,0.0224014,0.0635902,0.914008
6837173,0.0224012,0.0635897,0.914009
7047403,0.0224009,0.0635886,0.914011
6886713,0.100181,0.301897,0.597922
6826640,0.159878,0.484052,0.356071
7030523,0.0224328,0.0636838,0.913884
6850554,0.0224014,0.0635902,0.914008
6972149,0.0224009,0.0635886,0.914011
6916271,0.159683,0.483455,0.356862
7008176,0.159879,0.484055,0.356066
6850584,0.142436,0.432126,0.425438
7041259,0.159879,0.484055,0.356066
7145399,0.159879,0.484055,0.356066
7023702,0.0430012,0.126006,0.830993
7466227,0.0881267,0.264753,0.647121
6976510,0.159879,0.484055,0.356066
6927247,0.159834,0.483916,0.35625
6900311,0.091217,0.274285,0.634498
7041551,0.053463,0.158142,0.788395
7005497,0.159879,0.484055,0.356066
6876608,0.0302237,0.0871048,0.882671
6964617,0.111078,0.335833,0.553089
6889014,0.159871,0.484032,0.356097
6943618,0.159772,0.483725,0.356503
7132384,0.159879,0.484055,0.356066
7192594,0.159847,0.483957,0.356196
7096631,0.022401,0.0635888,0.91401
7211998,0.159532,0.48299,0.357478
7166560,0.0224009,0.0635886,0.91401
7001523,0.148386,0.449604,0.40201
6952489,0.159858,0.48399,0.356152
6968384,0.0605669,0.180088,0.759345
7056585,0.0224009,0.0635886,0.914011
6842763,0.159878,0.484052,0.356071
6960481,0.0310031,0.0894586,0.879538
7026703,0.159808,0.483837,0.356355
6935465,0.159878,0.484054,0.356067
7091430,0.0224009,0.0635886,0.914011
6961902,0.159854,0.483979,0.356167
6881245,0.0224009,0.0635886,0.914011
7032029,0.0465511,0.136862,0.816587
6832431,0.159867,0.484019,0.356114
6815521,0.159867,0.484019,0.356115
6875794,0.145642,0.441573,0.412785
6970424,0.0224009,0.0635886,0.914011
7039587,0.0224009,0.0635886,0.914011
7058429,0.147913,0.448242,0.403845
7006994,0.0224009,0.0635886,0.914011
6960152,0.159876,0.484048,0.356076
7059401,0.0224067,0.0636061,0.913987
7008895,0.146651,0.444332,0.409017
6873243,0.159844,0.483948,0.356208
7018891,0.0224012,0.0635896,0.914009
7083906,0.0224009,0.0635887,0.91401
7065757,0.0224009,0.0635886,0.914011
6900473,0.143648,0.435688,0.420664
6887537,0.159879,0.484055,0.356066
6929160,0.0347025,0.100662,0.864635
6848471,0.0224009,0.0635886,0.914011
6843464,0.159879,0.484055,0.356066
6914195,0.029046,0.0835399,0.887414
6842182,0.0224009,0.0635886,0.914011
6864272,0.0224009,0.0635886,0.914011
6855581,0.159878,0.484054,0.356068
6922840,0.0519,0.153296,0.794804
7012232,0.0224009,0.0635886,0.914011
6932234,0.022402,0.063592,0.914006
6923739,0.0277572,0.0796621,0.892581
6897529,0.0224009,0.0635886,0.91401
7051948,0.159879,0.484055,0.356066
7053546,0.159878,0.484054,0.356067
7062811,0.0261134,0.074688,0.899199
6932063,0.159879,0.484055,0.356067
6932514,0.13911,0.422253,0.438636
6928278,0.0670494,0.200102,0.732848
7039652,0.0296337,0.0853174,0.885049
7210922,0.0224017,0.0635912,0.914007
7042921,0.159878,0.484053,0.356069
6866384,0.11248,0.340092,0.547428
6987173,0.0224009,0.0635886,0.914011
6985827,0.0224017,0.063591,0.914007
7022301,0.0772414,0.231423,0.691335
6999567,0.0224009,0.0635886,0.91401
7078114,0.0267166,0.0765163,0.896767
7074862,0.0224009,0.0635886,0.914011
7090233,0.135483,0.411329,0.453188
7133763,0.0224009,0.0635887,0.91401
7200012,0.0224009,0.0635886,0.914011
7105863,0.0779925,0.233814,0.688194
7166681,0.148116,0.448866,0.403019
6916883,0.0224009,0.0635886,0.91401
6861005,0.159879,0.484055,0.356066
6943815,0.10162,0.306199,0.592181
6904521,0.0224009,0.0635886,0.914011
6878048,0.0224009,0.0635886,0.914011
6880137,0.119766,0.362884,0.51735
6912211,0.0748067,0.224071,0.701122
6882632,0.0224009,0.0635886,0.914011
6823738,0.0649003,0.193514,0.741585
7123927,0.0224014,0.0635902,0.914008
7111775,0.0234093,0.0665919,0.909999
7165468,0.143807,0.436087,0.420105
7178687,0.0237647,0.0676521,0.908583
6895814,0.0224009,0.0635886,0.914011
7135794,0.0224009,0.0635886,0.914011
7139925,0.159867,0.484018,0.356115
7147319,0.159878,0.484054,0.356068
7148876,0.0224009,0.0635886,0.914011
7127323,0.0423799,0.12408,0.83354
7095378,0.0904523,0.27185,0.637698
6843581,0.159879,0.484055,0.356066
6977717,0.0224009,0.0635886,0.914011
7191359,0.159879,0.484055,0.356067
7171462,0.0918686,0.276255,0.631876
7192447,0.159879,0.484055,0.356066
7167014,0.0224009,0.0635886,0.914011
7227503,0.139418,0.423176,0.437406
7158730,0.131504,0.39927,0.469226
6929815,0.047056,0.138444,0.8145
7007461,0.055868,0.165554,0.778578
7027229,0.0224009,0.0635886,0.914011
7033282,0.0229509,0.0652225,0.911827
6977319,0.0224013,0.06359,0.914009
6964603,0.0445044,0.130584,0.824912
7077967,0.0224009,0.0635886,0.914011
7043948,0.159877,0.484051,0.356072
7081578,0.159868,0.484023,0.356109
7232208,0.062611,0.186417,0.750972
7127701,0.159879,0.484055,0.356066
7220885,0.143608,0.435546,0.420845
7128382,0.022401,0.0635888,0.91401
7116963,0.0737954,0.220931,0.705273
7192718,0.0539326,0.159593,0.786475
7151828,0.0234375,0.0666759,0.909887
6869055,0.0963956,0.290048,0.613556
6889925,0.022499,0.0638811,0.91362
6820709,0.0231788,0.065902,0.910919
6849581,0.0224013,0.0635898,0.914009
6891034,0.15922,0.482041,0.358739
6944507,0.0227143,0.0645221,0.912764
6992350,0.0224009,0.0635886,0.91401
6930019,0.159842,0.483942,0.356216
6925796,0.0224009,0.0635886,0.914011
6905948,0.159879,0.484055,0.356067
7007248,0.159879,0.484055,0.356066
6899849,0.159879,0.484055,0.356066
6886830,0.159878,0.484052,0.35607
6948145,0.0296035,0.0852217,0.885175
6842788,0.159878,0.484054,0.356067
6857165,0.159872,0.484035,0.356093
6851675,0.159878,0.484052,0.35607
6929776,0.159879,0.484055,0.356066
7040077,0.0316335,0.0913634,0.877003
6813555,0.159874,0.484041,0.356085
6871732,0.0227612,0.0646616,0.912577
7027992,0.022401,0.0635891,0.91401
6978658,0.022401,0.0635889,0.91401
6977455,0.0224009,0.0635886,0.914011
6964798,0.0224009,0.0635886,0.914011
6978671,0.0224009,0.0635887,0.91401
7043538,0.159879,0.484055,0.356066
7052900,0.104319,0.314699,0.580981
7181082,0.159866,0.484015,0.356119
6906277,0.159879,0.484055,0.356066
7151526,0.0224009,0.0635886,0.914011
7057668,0.0224009,0.0635886,0.914011
7204689,0.0595781,0.177034,0.763388
7114149,0.091462,0.274918,0.63362
7124230,0.0850172,0.255238,0.659745
6817671,0.0224009,0.0635886,0.914011
7042367,0.159796,0.483799,0.356405
7148973,0.159879,0.484055,0.356066
7139123,0.0224009,0.0635886,0.914011
7147311,0.0224009,0.0635886,0.914011
7231031,0.116127,0.351517,0.532356
7214981,0.153849,0.465803,0.380348
7176718,0.0224048,0.0636002,0.913995
7158633,0.0310339,0.0895494,0.879417
7158791,0.0224009,0.0635886,0.914011
7105106,0.159837,0.483926,0.356237
6834027,0.022401,0.0635891,0.91401
6885083,0.0224879,0.0638478,0.913664
7200415,0.0961641,0.289474,0.614361
7172515,0.159861,0.484,0.35614
7107804,0.0224012,0.0635897,0.914009
7196039,0.141843,0.430351,0.427806
6936033,0.0263671,0.0754566,0.898176
7206307,0.0224009,0.0635886,0.914011
7125602,0.0443233,0.130078,0.825599
6942922,0.0471239,0.138632,0.814245
6850406,0.159879,0.484055,0.356066
6877128,0.0683751,0.204185,0.72744
6905618,0.0226466,0.0643195,0.913034
6865527,0.159879,0.484055,0.356067
6942381,0.0999114,0.30109,0.598998
6878466,0.159848,0.483961,0.356191
6823901,0.0224058,0.0636033,0.913991
6945912,0.0354184,0.102845,0.861737
6858162,0.022401,0.0635888,0.91401
6887876,0.150296,0.455258,0.394446
7028971,0.159483,0.482842,0.357675
6910368,0.022401,0.0635888,0.91401
7015508,0.15973,0.483598,0.356672
6845483,0.159875,0.484045,0.35608
6904073,0.0224009,0.0635886,0.914011
7198649,0.15639,0.473461,0.370149
6907335,0.137255,0.416135,0.44661
6826551,0.0224088,0.0636122,0.913979
6850312,0.159877,0.484049,0.356074
6885304,0.0694573,0.207591,0.722952
7222246,0.145675,0.441664,0.412661
6889560,0.159878,0.484054,0.356067
7142423,0.136736,0.41495,0.448313
6999902,0.0224013,0.0635898,0.914009
6834812,0.0285403,0.0820217,0.889438
6997547,0.15482,0.468752,0.376428
6994586,0.0513935,0.151762,0.796845
7030424,0.0969708,0.291931,0.611099
6976285,0.159737,0.483621,0.356641
7041621,0.0224013,0.0635899,0.914009
7162104,0.159877,0.484051,0.356072
7088374,0.0862754,0.259085,0.654639
7607512,0.0822691,0.246866,0.670865
7188235,0.0224009,0.0635886,0.914011
7007900,0.0224009,0.0635886,0.91401
7198443,0.045467,0.13353,0.821003
7123271,0.152857,0.462824,0.384318
7233916,0.154258,0.46705,0.378692
7044707,0.159879,0.484055,0.356066
7008282,0.159879,0.484055,0.356066
7027287,0.0771089,0.231038,0.691853
7115070,0.0711463,0.212831,0.716023
7107489,0.0224009,0.0635886,0.914011
7082553,0.0888103,0.266796,0.644394
6860412,0.0224009,0.0635886,0.914011
7159557,0.0746482,0.22343,0.701922
7156648,0.159879,0.484055,0.356066
7190477,0.0224009,0.0635886,0.91401
7146858,0.101853,0.306936,0.59121
6857896,0.0224082,0.0636106,0.913981
6935856,0.0681464,0.203475,0.728379
7083828,0.0224009,0.0635886,0.914011
6953998,0.0224009,0.0635886,0.914011
6982126,0.145252,0.440418,0.41433
7026310,0.0381493,0.111154,0.850697
6936863,0.159879,0.484055,0.356066
6861749,0.0224009,0.0635886,0.914011
7069439,0.022401,0.0635888,0.91401
7069403,0.022401,0.0635888,0.91401
6983803,0.0766563,0.229673,0.69367
6850705,0.0224009,0.0635886,0.914011
6833837,0.0224009,0.0635886,0.914011
7020749,0.0986902,0.297197,0.604113
7062524,0.0224009,0.0635886,0.91401
6847540,0.159878,0.484053,0.356069
6850887,0.0263895,0.0755259,0.898085
6987041,0.15968,0.483444,0.356876
6872212,0.0629338,0.187362,0.749704
6813643,0.043872,0.12865,0.827478
6827347,0.126502,0.383863,0.489636
6844543,0.0224009,0.0635886,0.914011
7050299,0.159879,0.484055,0.356066
6904620,0.0428897,0.12563,0.831481
7056965,0.0224009,0.0635886,0.914011
7024515,0.0567258,0.168206,0.775068
6980453,0.036316,0.105576,0.858108
6984513,0.0224009,0.0635886,0.914011
7048549,0.155568,0.470996,0.373436
7043788,0.159879,0.484055,0.356066
7032880,0.0663924,0.198089,0.735518
6985694,0.0644149,0.191981,0.743604
7013503,0.159879,0.484055,0.356066
7160053,0.158772,0.480677,0.36055
6958323,0.0224009,0.0635886,0.914011
6979291,0.0224009,0.0635886,0.914011
7053745,0.159879,0.484055,0.356067
6946255,0.0402006,0.11742,0.842379
6892615,0.159877,0.48405,0.356073
7137091,0.159793,0.483792,0.356414
7051600,0.0224009,0.0635886,0.914011
7190337,0.0658727,0.196424,0.737704
7115413,0.159864,0.48401,0.356125
7129973,0.0737747,0.22079,0.705435
7178912,0.159847,0.483957,0.356197
6929148,0.159879,0.484055,0.356067
6961264,0.0224023,0.0635928,0.914005
7156951,0.0514819,0.152029,0.796489
7185076,0.0224009,0.0635886,0.914011
6849609,0.0888242,0.266944,0.644232
6821254,0.0224009,0.0635886,0.914011
6940211,0.0649533,0.193679,0.741367
7019804,0.0300561,0.0865961,0.883348
6891297,0.159879,0.484055,0.356066
7018991,0.159879,0.484055,0.356067
7036110,0.0354985,0.103082,0.86142
6885744,0.0224009,0.0635886,0.914011
7199855,0.0224014,0.0635901,0.914008
7023283,0.154442,0.467628,0.37793
6871741,0.0224009,0.0635887,0.91401
7008375,0.159878,0.484053,0.356069
6911266,0.159878,0.484053,0.356069
6961740,0.0224009,0.0635886,0.91401
7155627,0.15951,0.482926,0.357564
7024375,0.0224009,0.0635886,0.91401
7009557,0.0224009,0.0635886,0.914011
6962769,0.0966062,0.290687,0.612707
7060352,0.0699699,0.209197,0.720833
7045246,0.159879,0.484055,0.356066
7071265,0.0224009,0.0635886,0.914011
7009242,0.142002,0.43052,0.427478
7051137,0.0224009,0.0635886,0.914011
7019720,0.159199,0.481973,0.358828
6964598,0.159879,0.484055,0.356066
7174777,0.0224009,0.0635886,0.914011
6899350,0.0907604,0.272881,0.636359
6855123,0.159879,0.484055,0.356066
6831544,0.0224009,0.0635886,0.914011
6822378,0.159879,0.484055,0.356067
6924889,0.0224009,0.0635886,0.91401
7143562,0.0326606,0.0944695,0.87287
7128959,0.159876,0.484047,0.356077
7093845,0.159879,0.484055,0.356067
7116603,0.159879,0.484055,0.356066
7091547,0.0480392,0.141449,0.810511
7217234,0.0224009,0.0635886,0.91401
7108336,0.134631,0.408617,0.456752
7126625,0.159879,0.484055,0.356066
6833299,0.155997,0.472261,0.371742
7107433,0.0224009,0.0635886,0.914011
7208189,0.0923568,0.277821,0.629822
7119037,0.0635084,0.189203,0.747288
7181783,0.0224009,0.0635886,0.91401
7103982,0.159878,0.484054,0.356067
7131964,0.0416431,0.121839,0.836518
7169826,0.159879,0.484055,0.356066
7167573,0.0224019,0.0635917,0.914006
7202109,0.159875,0.484044,0.356081
7205643,0.0274316,0.07868,0.893888
7224685,0.159694,0.483489,0.356817
7173021,0.0834039,0.250324,0.666272
7205327,0.0224009,0.0635886,0.914011
7177373,0.159878,0.484054,0.356067
7122039,0.159866,0.484014,0.35612
6926635,0.157278,0.476135,0.366587
6938328,0.143565,0.435408,0.421026
6908186,0.159878,0.484054,0.356067
6904559,0.0224009,0.0635886,0.914011
7061109,0.0224009,0.0635886,0.914011
7200463,0.159879,0.484055,0.356066
7111689,0.0307107,0.0885746,0.880715
6973866,0.0224021,0.0635921,0.914006
7155241,0.0768245,0.230238,0.692938
7033594,0.0479402,0.141127,0.810933
7145574,0.159878,0.484054,0.356067
7022185,0.159879,0.484055,0.356067
6859664,0.0703524,0.21031,0.719337
6934954,0.0224009,0.0635886,0.914011
7040821,0.0224009,0.0635886,0.91401
6829109,0.0764533,0.229117,0.694429
6812127,0.0224009,0.0635886,0.914011
7002807,0.135577,0.411527,0.452896
6879565,0.0224009,0.0635888,0.91401
6927690,0.101647,0.306413,0.59194
6812035,0.0224009,0.0635886,0.914011
7077950,0.0616867,0.183566,0.754748
6968031,0.159879,0.484055,0.356066
6888027,0.159879,0.484055,0.356067
6886303,0.053089,0.156975,0.789936
6956285,0.0261275,0.0747365,0.899136
6936523,0.109435,0.330532,0.560034
7022939,0.0224009,0.0635886,0.914011
6903790,0.0224009,0.0635886,0.914011
6832177,0.159879,0.484055,0.356067
6944007,0.159878,0.484054,0.356068
7047272,0.0317643,0.0917561,0.87648
6825540,0.022401,0.0635889,0.91401
7188426,0.0789975,0.236889,0.684113
6814812,0.0769362,0.2305,0.692564
7180593,0.159872,0.484033,0.356096
6812465,0.0224011,0.0635893,0.91401
7229646,0.159878,0.484053,0.35607
7139129,0.0224015,0.0635905,0.914008
7251885,0.022401,0.0635889,0.91401
7211772,0.09509,0.28619,0.61872
6896103,0.022401,0.063589,0.91401
7049335,0.0224009,0.0635886,0.914011
6959329,0.0224009,0.0635886,0.914011
6974259,0.0224013,0.0635898,0.914009
6995245,0.156709,0.474427,0.368863
7106808,0.0224012,0.0635894,0.914009
6991389,0.101254,0.305192,0.593554
7021399,0.159842,0.483941,0.356217
7031320,0.159879,0.484055,0.356067
7209055,0.159878,0.484053,0.356069
6958202,0.0224011,0.0635892,0.91401
7219079,0.0224009,0.0635886,0.91401
7185806,0.0366376,0.106558,0.856804
7155386,0.0250389,0.071469,0.903492
7180970,0.0224011,0.0635892,0.91401
6937286,0.066563,0.198644,0.734793
6828893,0.0224201,0.0636459,0.913934
6881808,0.0224009,0.0635886,0.914011
6858052,0.0224009,0.0635886,0.914011
6879029,0.155526,0.470839,0.373635
6850774,0.0224009,0.0635886,0.914011
7000357,0.159874,0.484041,0.356084
7010476,0.159879,0.484055,0.356067
6882121,0.0286809,0.0824311,0.888888
6907857,0.159879,0.484055,0.356066
6954719,0.0224009,0.0635887,0.91401
6918178,0.022401,0.0635889,0.91401
6868516,0.0869868,0.261303,0.65171
6967996,0.159878,0.484054,0.356067
6938167,0.055525,0.164503,0.779972
6964039,0.159879,0.484055,0.356067
7061247,0.0224038,0.0635972,0.913999
7049683,0.159879,0.484055,0.356067
6964563,0.0395154,0.115319,0.845166
7020997,0.124654,0.378098,0.497248
7102071,0.064065,0.190908,0.745027
6996614,0.159879,0.484055,0.356066
6972723,0.159879,0.484055,0.356066
7034493,0.159227,0.482062,0.358711
7069452,0.0589809,0.175186,0.765833
6945787,0.0341116,0.0988691,0.867019
7177510,0.0425533,0.124639,0.832807
6896640,0.159878,0.484052,0.356071
6987655,0.0266799,0.0764068,0.896913
6918355,0.0224009,0.0635886,0.914011
7201338,0.159879,0.484055,0.356066
6923941,0.0224009,0.0635886,0.914011
6862243,0.159533,0.482997,0.35747
