listing_id,high,medium,low
6923480,0.0740712,0.218426,0.707502
6943863,0.145196,0.430075,0.424729
6945340,0.0251406,0.0734681,0.901391
7049150,0.097956,0.289597,0.612447
6903433,0.0251338,0.0734482,0.901418
6819290,0.0272204,0.0796165,0.893163
6964067,0.0275871,0.0807012,0.891712
7203147,0.0251338,0.0734481,0.901418
7208914,0.025134,0.0734488,0.901417
6915300,0.0251421,0.0734727,0.901385
7143383,0.0251346,0.0734506,0.901415
6874605,0.0251339,0.0734483,0.901418
7122219,0.037192,0.109114,0.853694
7201388,0.145217,0.430136,0.424648
6834456,0.0809164,0.23878,0.680303
6908332,0.138054,0.408862,0.453084
7145545,0.0251727,0.0735628,0.901265
7145676,0.0962357,0.284461,0.619303
7094921,0.0252221,0.0737086,0.901069
7126171,0.0251339,0.0734483,0.901418
7124127,0.14535,0.430533,0.424118
6875312,0.145226,0.430162,0.424612
6918374,0.145353,0.430541,0.424106
7181994,0.0251355,0.0734532,0.901411
6829290,0.0251771,0.0735758,0.901247
6840625,0.145346,0.430522,0.424132
7001838,0.0252332,0.0737415,0.901025
7020228,0.0347619,0.101924,0.863314
6883245,0.14528,0.430324,0.424396
7049830,0.0472718,0.138948,0.81378
6877675,0.145342,0.430508,0.42415
6973375,0.0569168,0.167527,0.775556
7057028,0.0748582,0.220767,0.704375
6968506,0.0322759,0.0945709,0.873153
6852195,0.145072,0.429704,0.425225
7017535,0.0686281,0.202267,0.729105
6881934,0.126613,0.374829,0.498558
6898272,0.0897922,0.265232,0.644976
6894646,0.0251441,0.0734785,0.901377
7002484,0.145349,0.430531,0.42412
6815349,0.0251338,0.0734481,0.901418
6830333,0.0251338,0.0734482,0.901418
6834350,0.14535,0.430533,0.424117
6899699,0.094953,0.280633,0.624414
6948262,0.0539154,0.158629,0.787456
6919355,0.0252136,0.0736836,0.901103
6879655,0.145351,0.430536,0.424112
6917168,0.0457829,0.134539,0.819678
6813069,0.128469,0.380337,0.491194
6928482,0.0251341,0.0734489,0.901417
6827419,0.145347,0.430525,0.424128
7007564,0.145353,0.430541,0.424106
6970753,0.098172,0.290242,0.611586
6972734,0.0695812,0.205091,0.725328
6896011,0.144875,0.429121,0.426004
6819769,0.145252,0.430241,0.424507
7052822,0.0251443,0.073479,0.901377
7024183,0.0251948,0.0736282,0.901177
6943102,0.0892907,0.263738,0.646971
7062168,0.145351,0.430538,0.424111
7026004,0.145345,0.43052,0.424135
7048164,0.145352,0.430538,0.42411
6854154,0.028298,0.0828042,0.888898
6926747,0.0351878,0.103184,0.861628
6817261,0.14531,0.430413,0.424277
6926082,0.0357208,0.104762,0.859517
7020275,0.145353,0.430541,0.424107
6895898,0.025151,0.0734988,0.90135
6870725,0.0251496,0.0734946,0.901356
6995450,0.145349,0.43053,0.424121
6918723,0.0976155,0.288581,0.613803
6938464,0.0358707,0.105205,0.858924
6818901,0.0322505,0.0944959,0.873254
6878952,0.0468763,0.137777,0.815347
7244110,0.0282036,0.0825248,0.889271
6886262,0.145341,0.430508,0.424151
6986540,0.0335608,0.0983719,0.868067
6936585,0.145316,0.430433,0.424251
7138658,0.0251338,0.0734482,0.901418
7094836,0.0251356,0.0734534,0.901411
7142588,0.145319,0.43044,0.424241
7228347,0.0256858,0.0750788,0.899235
7092957,0.145341,0.430506,0.424154
7175929,0.109677,0.324552,0.565771
7095106,0.0251391,0.0734637,0.901397
7094591,0.145346,0.430521,0.424133
7118353,0.0251338,0.0734481,0.901418
7204521,0.0251346,0.0734506,0.901415
7210229,0.0499991,0.147027,0.802974
7091599,0.144746,0.428736,0.426518
7168487,0.0315061,0.0922926,0.876201
7170292,0.145162,0.429972,0.424866
6880955,0.0251352,0.0734522,0.901413
6992009,0.0252134,0.073683,0.901104
6891929,0.0895859,0.264618,0.645797
7179890,0.145352,0.43054,0.424107
6893832,0.0251345,0.0734502,0.901415
7042053,0.0251338,0.0734482,0.901418
6966865,0.145325,0.430459,0.424216
7099225,0.145324,0.430456,0.42422
7094455,0.091176,0.269361,0.639463
7105183,0.145347,0.430524,0.424129
7207738,0.0813068,0.239944,0.67875
7132410,0.0251338,0.0734482,0.901418
7091511,0.145334,0.430484,0.424182
7045805,0.0251341,0.0734489,0.901417
7159595,0.0274269,0.0802272,0.892346
6999952,0.0251508,0.0734981,0.901351
7082366,0.0251339,0.0734483,0.901418
6861826,0.0251427,0.0734744,0.901383
6996784,0.0251368,0.0734571,0.901406
6982727,0.0251338,0.0734481,0.901418
7055436,0.0316133,0.0926102,0.875777
7008336,0.0251346,0.0734505,0.901415
7187137,0.0251338,0.0734481,0.901418
7210147,0.106325,0.314564,0.579111
7132694,0.145262,0.43027,0.424468
7133799,0.0251338,0.0734482,0.901418
7132383,0.145329,0.430472,0.424199
7226809,0.145349,0.43053,0.424121
7174376,0.0633182,0.186512,0.75017
7020909,0.0251339,0.0734483,0.901418
7008466,0.0251482,0.0734904,0.901361
7131802,0.145347,0.430523,0.42413
6996222,0.145312,0.430421,0.424266
6955267,0.0251372,0.0734581,0.901405
7006262,0.0646385,0.190426,0.744935
7160392,0.132052,0.390994,0.476953
7200095,0.0263542,0.0770546,0.896591
7207521,0.025137,0.0734575,0.901405
6961649,0.0251357,0.0734538,0.90141
7063794,0.0340257,0.0997465,0.866228
7213771,0.0251339,0.0734483,0.901418
7129102,0.0491096,0.14439,0.806501
7222646,0.145349,0.43053,0.424121
7091418,0.14535,0.430533,0.424117
6939214,0.0251396,0.0734652,0.901395
6991435,0.145348,0.430528,0.424124
7227993,0.0251347,0.0734508,0.901414
7210207,0.0516812,0.15201,0.796309
6970510,0.145349,0.430529,0.424122
7087944,0.0780182,0.230157,0.691824
6986305,0.0469289,0.137933,0.815139
7200231,0.025502,0.0745354,0.899963
7096502,0.0251338,0.0734482,0.901418
7125348,0.0910174,0.268889,0.640094
7095743,0.14396,0.426403,0.429636
6917231,0.0628254,0.185047,0.752127
7043433,0.025134,0.0734486,0.901417
6960911,0.0808779,0.238667,0.680455
7188607,0.0258794,0.0756512,0.898469
7008116,0.0251339,0.0734483,0.901418
7021087,0.145345,0.430518,0.424138
6983994,0.0269055,0.0786853,0.894409
7025966,0.145328,0.430467,0.424206
6995189,0.0251341,0.0734491,0.901417
7068810,0.0540148,0.158923,0.787063
6995151,0.0295877,0.0866188,0.883794
7215432,0.105941,0.313418,0.580641
7003109,0.0251343,0.0734497,0.901416
7083438,0.100621,0.297549,0.60183
7025547,0.0712034,0.20991,0.718887
7222251,0.0270204,0.0790249,0.893955
6813450,0.0251339,0.0734483,0.901418
7079748,0.0251566,0.0735154,0.901328
7204635,0.0463717,0.136281,0.817347
7033166,0.0875025,0.258402,0.654095
7052934,0.05176,0.152241,0.795999
7001839,0.0251343,0.0734496,0.901416
7055366,0.0825733,0.243712,0.673714
6976995,0.0393483,0.115494,0.845158
6970333,0.14534,0.430504,0.424156
6960544,0.145349,0.430531,0.424119
6858289,0.0251471,0.0734872,0.901366
6975397,0.0687156,0.202526,0.728758
7083722,0.0251349,0.0734512,0.901414
7152125,0.0608719,0.179255,0.759873
6978147,0.0251339,0.0734483,0.901418
7024869,0.0260397,0.076125,0.897835
6998830,0.0251338,0.0734482,0.901418
6986803,0.0541143,0.159218,0.786668
6893376,0.0251339,0.0734483,0.901418
6914950,0.0251523,0.0735027,0.901345
7000240,0.145353,0.430541,0.424106
6938528,0.0909373,0.268649,0.640413
6964346,0.0803818,0.237189,0.682429
6915912,0.145262,0.430271,0.424468
6834479,0.0251863,0.073603,0.901211
7080803,0.0251338,0.0734482,0.901418
7070955,0.0251399,0.0734662,0.901394
6833138,0.14535,0.430533,0.424118
7079726,0.0609135,0.179378,0.759709
6887947,0.0251338,0.0734481,0.901418
6910082,0.0503959,0.148202,0.801402
6917277,0.0251344,0.0734498,0.901416
6872401,0.0275271,0.0805237,0.891949
6877322,0.14533,0.430474,0.424196
6842490,0.145352,0.43054,0.424108
6855363,0.0251339,0.0734483,0.901418
6861563,0.145353,0.430541,0.424106
6827845,0.143654,0.425495,0.430851
6860224,0.0251339,0.0734483,0.901418
6837770,0.0805608,0.237721,0.681718
6906518,0.101027,0.298761,0.600212
6942523,0.0986351,0.291621,0.609744
6835685,0.0251338,0.0734482,0.901418
6931035,0.0763695,0.225258,0.698372
6815221,0.0702648,0.207125,0.722611
6895076,0.0251339,0.0734485,0.901418
6906718,0.0577145,0.169891,0.772395
6859510,0.145283,0.430333,0.424384
7078714,0.145351,0.430536,0.424113
7037636,0.0251344,0.0734498,0.901416
7172370,0.0328015,0.0961251,0.871073
6893021,0.0315258,0.0923524,0.876122
6854171,0.0251358,0.0734541,0.90141
7166752,0.0251338,0.0734481,0.901418
7116574,0.0258375,0.0755273,0.898635
6963481,0.0252871,0.0739005,0.900812
7041861,0.0783052,0.231016,0.690679
7055915,0.14534,0.430502,0.424159
7020420,0.145353,0.430541,0.424107
7076265,0.0589886,0.173669,0.767343
6965759,0.0253063,0.0739573,0.900736
7059879,0.0369368,0.108356,0.854707
6822654,0.0251339,0.0734483,0.901418
6876965,0.0251479,0.0734896,0.901363
6852317,0.106982,0.316519,0.576499
6945640,0.145261,0.430269,0.42447
6976688,0.145352,0.430538,0.424111
7064119,0.0752859,0.222035,0.702679
6816088,0.145353,0.430541,0.424106
6827274,0.145325,0.43046,0.424215
6996717,0.0251541,0.073508,0.901338
7059096,0.0530794,0.156151,0.790769
6958571,0.0251339,0.0734484,0.901418
7082395,0.0251619,0.0735308,0.901307
7083520,0.0251376,0.0734593,0.901403
6904893,0.0857015,0.253033,0.661266
7178544,0.0711105,0.209632,0.719258
6917459,0.0251394,0.0734646,0.901396
7214902,0.145341,0.430505,0.424154
7121106,0.0948068,0.280199,0.624994
7107383,0.0408479,0.119932,0.83922
7147675,0.0251344,0.0734498,0.901416
7075421,0.0251338,0.0734482,0.901418
7068245,0.0251434,0.0734763,0.90138
7128728,0.0251339,0.0734485,0.901418
7020220,0.144875,0.429119,0.426006
7210272,0.145353,0.430541,0.424106
7079670,0.0476386,0.140034,0.812327
7091439,0.0251339,0.0734483,0.901418
7169897,0.145344,0.430516,0.42414
7196526,0.0251633,0.073535,0.901302
7218504,0.0251352,0.0734522,0.901413
7114390,0.0251453,0.0734821,0.901373
7101957,0.145341,0.430506,0.424153
7166105,0.0251363,0.0734555,0.901408
7175514,0.140405,0.415854,0.44374
7123544,0.144448,0.42785,0.427703
7130018,0.0473253,0.139106,0.813569
7218631,0.0739247,0.217995,0.708081
7204398,0.025158,0.0735196,0.901322
7134072,0.0251338,0.0734482,0.901418
7104243,0.145353,0.430541,0.424106
7133822,0.0251353,0.0734525,0.901412
7182664,0.128818,0.381377,0.489805
7158237,0.135595,0.401539,0.462866
7097249,0.0310652,0.0909895,0.877945
7159778,0.0251352,0.0734521,0.901413
6878394,0.0264429,0.0773172,0.89624
7123179,0.0251342,0.0734492,0.901417
7121601,0.047575,0.139845,0.81258
7126334,0.0251378,0.0734598,0.901402
7169763,0.143693,0.425612,0.430695
7229953,0.0692974,0.204248,0.726455
6854704,0.145297,0.430376,0.424326
7052385,0.145286,0.430343,0.424371
6916257,0.0251363,0.0734553,0.901408
6980337,0.145346,0.430522,0.424131
6998437,0.0251338,0.0734481,0.901418
6969802,0.0479568,0.140976,0.811067
7049475,0.0691092,0.203694,0.727197
6969253,0.0373031,0.109443,0.853254
7062187,0.0989031,0.292423,0.608674
6846216,0.0251347,0.0734508,0.901415
6832420,0.050249,0.147766,0.801985
6819703,0.14533,0.430473,0.424197
6813971,0.0397711,0.116744,0.843485
6875704,0.145271,0.430298,0.424431
6875626,0.0983738,0.290841,0.610785
6982751,0.145351,0.430535,0.424114
6880945,0.0251339,0.0734483,0.901418
7059753,0.0251339,0.0734483,0.901418
7010046,0.025213,0.0736818,0.901105
7160267,0.0548548,0.161415,0.78373
7138867,0.0251338,0.0734482,0.901418
7099782,0.0627598,0.18485,0.75239
7151860,0.0251381,0.0734609,0.901401
7139595,0.120869,0.357792,0.521339
7168015,0.0608559,0.179203,0.759941
7156789,0.063267,0.186357,0.750376
7093515,0.139947,0.414491,0.445562
7192056,0.0924802,0.273253,0.634267
7129715,0.137409,0.40694,0.455651
7051602,0.0251339,0.0734483,0.901418
7213479,0.145352,0.430541,0.424107
7146123,0.0260979,0.0762971,0.897605
6862698,0.0260083,0.0760321,0.89796
6870927,0.0509918,0.149966,0.799043
6875573,0.145185,0.43004,0.424775
6937746,0.0728616,0.214832,0.712306
6909179,0.0251338,0.0734482,0.901418
6852099,0.0887054,0.261991,0.649304
6893205,0.145352,0.430541,0.424107
6930963,0.0555889,0.16359,0.780821
6942214,0.0682095,0.201022,0.730768
6844913,0.105008,0.310636,0.584356
6903236,0.0252429,0.0737701,0.900987
6946860,0.100201,0.296297,0.603502
7020127,0.145349,0.43053,0.424121
6966491,0.06398,0.188473,0.747547
7081378,0.0251339,0.0734483,0.901418
7008212,0.0251365,0.073456,0.901408
6982329,0.0863961,0.255105,0.658499
7060761,0.0964336,0.285053,0.618513
7049886,0.145342,0.43051,0.424148
6990231,0.0251343,0.0734495,0.901416
7039323,0.145335,0.430488,0.424178
7029209,0.0251383,0.0734614,0.9014
7699418,0.025135,0.0734516,0.901413
7027632,0.0251345,0.0734501,0.901416
6958438,0.145331,0.430478,0.424191
7156654,0.134487,0.398244,0.467269
6989632,0.145352,0.43054,0.424107
7077502,0.0251425,0.0734737,0.901384
7007559,0.0753397,0.222196,0.702464
7016824,0.0251338,0.0734481,0.901418
6973596,0.14534,0.430503,0.424157
7017376,0.118867,0.351857,0.529277
6900717,0.145338,0.430498,0.424163
6813018,0.0251346,0.0734505,0.901415
7026065,0.125327,0.371011,0.503662
7193862,0.0945537,0.279441,0.626006
7072252,0.0690116,0.203402,0.727586
7039301,0.0251351,0.0734518,0.901413
7106867,0.0251338,0.0734481,0.901418
7064397,0.0931933,0.275381,0.631426
6850341,0.0534789,0.157337,0.789184
7148219,0.0427793,0.125647,0.831574
7169523,0.0822429,0.242729,0.675028
6881031,0.0251362,0.0734553,0.901409
6876893,0.145341,0.430507,0.424152
7113543,0.0567044,0.166896,0.776399
6956467,0.025139,0.0734635,0.901398
6818384,0.0251338,0.0734482,0.901418
6843735,0.0251377,0.0734596,0.901403
7058865,0.0441977,0.129847,0.825955
7198510,0.0763806,0.225287,0.698332
6866021,0.0763991,0.225348,0.698253
7033237,0.055045,0.161977,0.782978
7186037,0.0251341,0.0734489,0.901417
7216301,0.0333487,0.0977444,0.868907
6931646,0.0789392,0.232899,0.688162
7096664,0.0883391,0.260897,0.650764
7213577,0.0892233,0.263536,0.647241
7229182,0.0251344,0.0734498,0.901416
7020290,0.145353,0.430541,0.424106
6962486,0.0447751,0.131556,0.823669
7163619,0.145289,0.430351,0.424359
7044154,0.0369092,0.108277,0.854813
6994158,0.145279,0.430321,0.4244
6954609,0.0892264,0.263545,0.647228
7203455,0.144563,0.428193,0.427244
7039138,0.0251482,0.0734905,0.901361
7069927,0.0251338,0.0734481,0.901418
6989176,0.128531,0.380524,0.490945
6990855,0.0850374,0.251054,0.663908
6859936,0.025134,0.0734487,0.901417
7151723,0.0938642,0.277383,0.628752
6944621,0.0251338,0.0734481,0.901418
6893419,0.145353,0.430541,0.424106
7139628,0.106727,0.315766,0.577506
7067182,0.145173,0.430005,0.424823
7116008,0.0251357,0.0734536,0.901411
6860780,0.145198,0.43008,0.424722
6875516,0.0654543,0.192848,0.741697
6920886,0.0805353,0.237649,0.681816
6818242,0.0251389,0.0734632,0.901398
6911076,0.103096,0.304935,0.591969
6858969,0.145342,0.43051,0.424148
6852329,0.0876587,0.258869,0.653472
6910225,0.0251339,0.0734485,0.901418
7072336,0.145294,0.430366,0.424341
7170589,0.0966986,0.285842,0.61746
7012953,0.145251,0.430237,0.424512
7123283,0.145353,0.430541,0.424106
7093591,0.025135,0.0734517,0.901413
6931847,0.145347,0.430524,0.424129
7190934,0.145338,0.430498,0.424163
6843860,0.145352,0.430539,0.42411
6831331,0.0251644,0.0735383,0.901297
6864063,0.145322,0.43045,0.424227
6859285,0.145351,0.430536,0.424113
7223056,0.0251351,0.073452,0.901413
7142010,0.0501104,0.147353,0.802536
7044159,0.040029,0.117508,0.842463
6856891,0.14535,0.430532,0.424118
7164150,0.0685274,0.201969,0.729503
7041081,0.145341,0.430508,0.424151
7173764,0.0889478,0.262715,0.648338
7089871,0.0673549,0.198486,0.734159
6960575,0.0759491,0.224006,0.700045
7148929,0.14531,0.430413,0.424278
7097053,0.0738424,0.217746,0.708412
7190211,0.0251365,0.0734561,0.901407
6897785,0.0251446,0.07348,0.901375
6937961,0.0251426,0.0734741,0.901383
6994766,0.145334,0.430484,0.424182
6967078,0.145213,0.430124,0.424664
7004760,0.02601,0.0760372,0.897953
6962434,0.0326436,0.0956588,0.871698
6986690,0.0403062,0.118328,0.841366
6993126,0.025134,0.0734488,0.901417
7015143,0.0340453,0.099805,0.86615
7055242,0.0251846,0.0735978,0.901218
7029099,0.0857571,0.253198,0.661045
6829584,0.0748794,0.22083,0.70429
6886109,0.025136,0.0734546,0.901409
6895226,0.0778111,0.229545,0.692644
6818201,0.0251502,0.0734966,0.901353
6887773,0.145325,0.43046,0.424215
6874305,0.0864515,0.25527,0.658279
6945256,0.0251349,0.0734515,0.901414
6860570,0.0251483,0.0734909,0.901361
6841851,0.0251365,0.073456,0.901407
6986323,0.10946,0.323911,0.566629
6826419,0.109349,0.323575,0.567076
7071997,0.0251339,0.0734483,0.901418
6912910,0.025143,0.0734752,0.901382
6970019,0.0251339,0.0734484,0.901418
7071628,0.0251338,0.0734481,0.901418
6965706,0.0251413,0.0734701,0.901389
6893097,0.0934683,0.276202,0.630329
6971586,0.145291,0.430356,0.424353
7057364,0.0251354,0.0734529,0.901412
7065649,0.0251392,0.0734639,0.901397
6881758,0.0251338,0.0734482,0.901418
6857870,0.14534,0.430504,0.424156
6946359,0.0864947,0.255398,0.658108
6925112,0.145345,0.43052,0.424135
6984791,0.0254993,0.0745276,0.899973
7076647,0.0994616,0.29409,0.606449
6891824,0.0251417,0.0734714,0.901387
6975586,0.0278464,0.0814683,0.890685
7024908,0.145353,0.430541,0.424107
7020951,0.0251347,0.0734508,0.901415
6961813,0.0277989,0.0813274,0.890874
6994050,0.145339,0.430502,0.424159
7136723,0.0687139,0.202519,0.728767
6992492,0.0251469,0.0734867,0.901366
6897077,0.123838,0.366596,0.509566
6840305,0.144686,0.428558,0.426756
6820064,0.0251341,0.0734489,0.901417
6893231,0.142163,0.421072,0.436766
6868924,0.145283,0.430332,0.424385
6876525,0.0284147,0.0831489,0.888436
6882735,0.0251347,0.0734507,0.901415
7215889,0.110438,0.326819,0.562743
7191319,0.145351,0.430536,0.424113
6903956,0.0251338,0.0734481,0.901418
7316263,0.145352,0.430538,0.424111
7186538,0.0251347,0.0734508,0.901414
6842434,0.145258,0.43026,0.424482
6861751,0.145343,0.430512,0.424145
6881005,0.0251339,0.0734484,0.901418
6863915,0.143107,0.423873,0.433019
7022765,0.0287567,0.0841601,0.887083
7067494,0.14535,0.430532,0.424118
7000777,0.0862072,0.25454,0.659252
7078298,0.0251348,0.0734509,0.901414
6960538,0.144867,0.429095,0.426038
6960499,0.145347,0.430523,0.42413
7048947,0.0251458,0.0734833,0.901371
6835379,0.025134,0.0734488,0.901417
6968011,0.0251422,0.0734729,0.901385
7008231,0.145298,0.430379,0.424323
7228623,0.112106,0.331781,0.556114
7109525,0.0271965,0.0795456,0.893258
6975192,0.145352,0.43054,0.424107
7077800,0.0251338,0.0734482,0.901418
6872270,0.0640986,0.188822,0.747079
6822218,0.055495,0.16331,0.781195
6840647,0.0251405,0.0734679,0.901392
6897209,0.0918764,0.271451,0.636673
6898752,0.0253128,0.0739766,0.900711
6872481,0.0469423,0.137973,0.815085
7183419,0.110191,0.326082,0.563727
6861323,0.0265572,0.0776551,0.895788
7081372,0.025136,0.0734547,0.901409
7194473,0.0251373,0.0734584,0.901404
7088873,0.0252359,0.0737494,0.901015
6842317,0.0842963,0.248845,0.666858
6842289,0.145051,0.429642,0.425307
7191206,0.0251339,0.0734483,0.901418
7013727,0.0251366,0.0734565,0.901407
7107521,0.0251338,0.0734481,0.901418
7164658,0.10643,0.314875,0.578694
7135159,0.0524672,0.15434,0.793193
7166777,0.145353,0.430541,0.424106
7173330,0.14534,0.430502,0.424158
7137210,0.145351,0.430537,0.424111
7221931,0.0252302,0.0737326,0.901037
7217192,0.0251597,0.0735244,0.901316
7217567,0.0831832,0.24553,0.671287
7091272,0.145347,0.430525,0.424128
7022754,0.145333,0.430482,0.424185
7147441,0.145297,0.430374,0.424329
7210048,0.0251339,0.0734485,0.901418
7137916,0.090514,0.267386,0.6421
7004418,0.0350445,0.102761,0.862195
6855092,0.145337,0.430496,0.424167
6920514,0.145297,0.430374,0.424329
6823429,0.145348,0.430528,0.424124
7414249,0.0255268,0.0746088,0.899864
7139750,0.145353,0.430541,0.424106
7097396,0.144456,0.427876,0.427667
7142478,0.145283,0.430332,0.424385
7040581,0.0251348,0.0734512,0.901414
7232727,0.0355294,0.104195,0.860275
6897171,0.0943345,0.278786,0.626879
7229042,0.0251344,0.0734499,0.901416
7201863,0.145352,0.43054,0.424108
6847304,0.0251339,0.0734484,0.901418
7171787,0.0251342,0.0734493,0.901416
7158241,0.0357866,0.104955,0.859258
7206790,0.0251855,0.0736005,0.901214
7466236,0.0251346,0.0734506,0.901415
6879810,0.0803769,0.237177,0.682446
6812216,0.0251385,0.0734619,0.9014
6858232,0.0874303,0.258187,0.654382
7029381,0.145302,0.43039,0.424308
6863751,0.0251347,0.0734506,0.901415
6969520,0.0598156,0.17612,0.764064
6860349,0.0769097,0.226862,0.696229
6901003,0.145351,0.430535,0.424115
6831319,0.145282,0.430329,0.42439
7058331,0.145353,0.430541,0.424106
6954142,0.072742,0.214476,0.712782
6844366,0.145352,0.43054,0.424108
7194002,0.125563,0.371715,0.502722
6873373,0.095531,0.282359,0.62211
7076073,0.145352,0.430538,0.42411
7031023,0.14535,0.430534,0.424116
6985019,0.031289,0.0916514,0.87706
7004201,0.0252414,0.0737657,0.900993
7050238,0.145006,0.42951,0.425483
7208880,0.0903382,0.266861,0.642801
7021674,0.0251339,0.0734483,0.901418
6942755,0.145274,0.430308,0.424418
6917600,0.0251913,0.0736177,0.901191
7032690,0.0767922,0.226513,0.696694
6868587,0.0251476,0.0734887,0.901364
7195532,0.0251349,0.0734514,0.901414
7139333,0.0251338,0.0734482,0.901418
7193201,0.145349,0.43053,0.424121
6935830,0.130879,0.387503,0.481618
7027745,0.0251338,0.0734482,0.901418
7002271,0.145352,0.43054,0.424107
7053596,0.0251407,0.0734684,0.901391
6924378,0.0251343,0.0734497,0.901416
7035700,0.0251971,0.0736348,0.901168
6995600,0.025145,0.073481,0.901374
7147298,0.145351,0.430538,0.424111
7082614,0.0315571,0.0924442,0.875999
6956878,0.0257275,0.0752021,0.89907
7081637,0.0251356,0.0734535,0.901411
7059003,0.143028,0.423639,0.433333
6973721,0.025191,0.0736167,0.901192
7058700,0.145274,0.430308,0.424418
7084473,0.0778862,0.229765,0.692349
7075721,0.0263226,0.0769617,0.896716
7043006,0.0789199,0.232839,0.688241
7083833,0.145346,0.430521,0.424133
6953879,0.0285281,0.0834842,0.887988
7072087,0.0251344,0.0734499,0.901416
6864932,0.074728,0.220382,0.70489
7033812,0.0251343,0.0734495,0.901416
6813832,0.0472241,0.138806,0.81397
6821749,0.145351,0.430536,0.424114
6825035,0.0440597,0.129437,0.826503
6815729,0.0270947,0.0792447,0.893661
6834683,0.0883062,0.260799,0.650895
6911620,0.0380142,0.111547,0.850439
7038720,0.0830399,0.245103,0.671857
6813128,0.0706284,0.208202,0.72117
6868450,0.0787285,0.232269,0.689002
6842542,0.0251341,0.0734489,0.901417
6941012,0.0592964,0.174583,0.766121
6898834,0.099629,0.294589,0.605782
6953528,0.144416,0.427755,0.427829
7093463,0.0252148,0.0736872,0.901098
6871643,0.145313,0.430422,0.424265
7095666,0.0251339,0.0734485,0.901418
6993701,0.052552,0.15459,0.792857
7226119,0.025325,0.0740125,0.900662
6873622,0.145325,0.430458,0.424217
7077205,0.0251339,0.0734485,0.901418
7054134,0.0253259,0.0740151,0.900659
7104562,0.0252994,0.0739368,0.900764
7131693,0.145352,0.43054,0.424108
6931610,0.145351,0.430536,0.424112
7019652,0.0285221,0.0834669,0.888011
6838329,0.0257854,0.0753732,0.898842
6827899,0.0251339,0.0734483,0.901418
6898157,0.0252748,0.0738643,0.900861
7037871,0.145332,0.430478,0.424191
6934855,0.0251339,0.0734483,0.901418
7193189,0.0892907,0.263738,0.646971
6994310,0.0259116,0.0757464,0.898342
7138936,0.0638159,0.187988,0.748196
6885097,0.0286959,0.0839811,0.887323
6812519,0.0251345,0.0734501,0.901415
7100643,0.0268422,0.0784981,0.89466
6997385,0.0251619,0.0735308,0.901307
7021223,0.025134,0.0734486,0.901417
7226719,0.0255132,0.0745686,0.899918
7079450,0.145348,0.430526,0.424127
6998887,0.0251347,0.0734508,0.901415
6924524,0.0336997,0.0987821,0.867518
7073098,0.0251549,0.0735104,0.901335
6983739,0.0670694,0.197641,0.73529
6840386,0.0424269,0.124605,0.832968
7063322,0.144919,0.429249,0.425833
6851224,0.0251339,0.0734484,0.901418
7058495,0.0251341,0.0734491,0.901417
7000047,0.0251338,0.0734482,0.901418
6899730,0.0251376,0.0734594,0.901403
6995488,0.0251341,0.073449,0.901417
6899345,0.145353,0.430541,0.424106
7031505,0.145352,0.43054,0.424108
6959932,0.145325,0.430458,0.424217
6857161,0.0251344,0.0734498,0.901416
6988222,0.0951003,0.281075,0.623825
6836125,0.0251356,0.0734534,0.901411
6855326,0.0465798,0.136898,0.816522
7032848,0.0869464,0.256744,0.656309
6847040,0.145321,0.430447,0.424232
6838817,0.127655,0.377922,0.494422
6812564,0.0251339,0.0734483,0.901418
6937287,0.145348,0.430527,0.424125
6923630,0.145343,0.430512,0.424145
6878086,0.0251479,0.0734897,0.901362
6821177,0.0251339,0.0734485,0.901418
6947025,0.0948433,0.280307,0.624849
6899918,0.0496587,0.146018,0.804323
6823764,0.025134,0.0734488,0.901417
7115346,0.0919347,0.271626,0.636439
7082786,0.0478671,0.14071,0.811422
7014025,0.0650531,0.191657,0.74329
7143857,0.145353,0.430541,0.424106
7225948,0.0251471,0.0734874,0.901366
6939346,0.0253222,0.0740044,0.900673
7230652,0.0966339,0.285651,0.617715
7219944,0.03639,0.106741,0.856869
7141671,0.0257349,0.0752237,0.899041
7091250,0.0444235,0.130515,0.825062
7171892,0.145326,0.430463,0.424211
6901359,0.0338423,0.0992044,0.866953
7128928,0.14481,0.428926,0.426264
7043922,0.144629,0.428389,0.426982
7115125,0.124268,0.367871,0.507861
7194688,0.0570593,0.167947,0.774994
7194058,0.0278519,0.0814845,0.890664
7098635,0.145335,0.430488,0.424177
6844489,0.0289977,0.0848738,0.886128
6854636,0.12375,0.366332,0.509918
7101878,0.0272554,0.0797201,0.893024
7032493,0.104171,0.308139,0.58769
6853669,0.145281,0.430329,0.42439
6936664,0.0251345,0.0734503,0.901415
6853675,0.0632657,0.186355,0.75038
6912708,0.145352,0.430538,0.42411
6822753,0.0607671,0.178941,0.760292
6940791,0.0641478,0.188971,0.746881
6876041,0.0877922,0.259267,0.652941
6934844,0.0251342,0.0734491,0.901417
6837173,0.0460857,0.135436,0.818478
7047403,0.0251941,0.073626,0.90118
6886713,0.0856753,0.252955,0.66137
6826640,0.145346,0.43052,0.424134
7030523,0.0253257,0.0740147,0.90066
6850554,0.0359895,0.105556,0.858455
6972149,0.0251342,0.0734493,0.901416
6916271,0.145296,0.430374,0.42433
7008176,0.145352,0.43054,0.424108
6850584,0.145055,0.429655,0.425289
7041259,0.145353,0.430541,0.424106
7145399,0.145352,0.43054,0.424108
7023702,0.0252688,0.0738465,0.900885
7466227,0.0493773,0.145183,0.80544
6976510,0.145352,0.43054,0.424108
6927247,0.145133,0.429887,0.42498
6900311,0.14522,0.430144,0.424636
7041551,0.119153,0.352702,0.528145
7005497,0.145353,0.430541,0.424106
6876608,0.0255364,0.0746372,0.899826
6964617,0.0470427,0.138269,0.814689
6889014,0.145327,0.430464,0.424209
6943618,0.140785,0.416983,0.442232
7132384,0.145334,0.430484,0.424182
7192594,0.145312,0.430418,0.42427
7096631,0.0269732,0.0788856,0.894141
7211998,0.0844124,0.249191,0.666397
7166560,0.0251345,0.0734503,0.901415
7001523,0.0435949,0.128061,0.828344
6952489,0.135932,0.402544,0.461524
6968384,0.0659829,0.194416,0.739601
7056585,0.0251338,0.0734481,0.901418
6842763,0.142519,0.422131,0.43535
6960481,0.0262457,0.076734,0.89702
7026703,0.145266,0.430283,0.424451
6935465,0.145352,0.43054,0.424107
7091430,0.0251339,0.0734484,0.901418
6961902,0.145227,0.430166,0.424608
6881245,0.025134,0.0734486,0.901417
7032029,0.0782535,0.230859,0.690887
6832431,0.121794,0.360533,0.517673
6815521,0.145326,0.430461,0.424213
6875794,0.145123,0.429857,0.425019
6970424,0.031035,0.0909003,0.878065
7039587,0.0251338,0.0734482,0.901418
7058429,0.14026,0.415422,0.444318
7006994,0.0251338,0.0734482,0.901418
6960152,0.145342,0.430508,0.42415
7059401,0.0251397,0.0734655,0.901395
7008895,0.12535,0.371079,0.50357
6873243,0.145331,0.430476,0.424193
7018891,0.025158,0.0735194,0.901323
7083906,0.0317624,0.0930519,0.875186
7065757,0.0251338,0.0734481,0.901418
6900473,0.145342,0.43051,0.424147
6887537,0.145345,0.430518,0.424137
6929160,0.0457185,0.134349,0.819933
6848471,0.0251344,0.0734497,0.901416
6843464,0.145352,0.430539,0.42411
6914195,0.0276898,0.0810047,0.891305
6842182,0.02514,0.0734665,0.901394
6864272,0.0251339,0.0734483,0.901418
6855581,0.145347,0.430525,0.424128
6922840,0.103049,0.304793,0.592159
7012232,0.0251339,0.0734485,0.901418
6932234,0.0251345,0.0734503,0.901415
6923739,0.0443721,0.130363,0.825265
6897529,0.0251339,0.0734484,0.901418
7051948,0.145351,0.430537,0.424112
7053546,0.145338,0.430497,0.424165
7062811,0.0743423,0.219231,0.706427
6932063,0.145351,0.430538,0.424111
6932514,0.144497,0.427996,0.427507
6928278,0.0252853,0.0738954,0.900819
7039652,0.086334,0.254918,0.658748
7210922,0.0278029,0.0813396,0.890857
7042921,0.145314,0.430425,0.424261
6866384,0.0923891,0.272983,0.634628
6987173,0.0251379,0.0734603,0.901402
6985827,0.0251423,0.0734731,0.901385
7022301,0.0523461,0.153979,0.793675
6999567,0.0251544,0.0735089,0.901337
7078114,0.0298475,0.0873873,0.882765
7074862,0.0251345,0.0734503,0.901415
7090233,0.122288,0.362,0.515712
7133763,0.0251346,0.0734505,0.901415
7200012,0.025134,0.0734486,0.901417
7105863,0.0755115,0.22271,0.701778
7166681,0.144868,0.4291,0.426032
6916883,0.0251834,0.0735944,0.901222
6861005,0.145352,0.430539,0.42411
6943815,0.087387,0.25806,0.654554
6904521,0.0251347,0.0734507,0.901415
6878048,0.0251339,0.0734483,0.901418
6880137,0.090726,0.268018,0.641256
6912211,0.0657639,0.193766,0.74047
6882632,0.0251342,0.0734494,0.901416
6823738,0.027501,0.0804464,0.892053
7123927,0.0251409,0.0734689,0.90139
7111775,0.0251666,0.0735449,0.901289
7165468,0.104641,0.309544,0.585815
7178687,0.0472139,0.138775,0.814011
6895814,0.0251341,0.0734489,0.901417
7135794,0.0251338,0.0734481,0.901418
7139925,0.14535,0.430533,0.424117
7147319,0.145353,0.430541,0.424107
7148876,0.0251338,0.0734481,0.901418
7127323,0.0259193,0.0757691,0.898312
7095378,0.0564438,0.166123,0.777433
6843581,0.145352,0.430538,0.42411
6977717,0.0251414,0.0734705,0.901388
7191359,0.145343,0.430511,0.424146
7171462,0.0653514,0.192541,0.742108
7192447,0.0973967,0.287928,0.614676
7167014,0.0251339,0.0734483,0.901418
7227503,0.145323,0.430453,0.424223
7158730,0.145258,0.430258,0.424485
6929815,0.0546151,0.160704,0.784681
7007461,0.050904,0.149708,0.799388
7027229,0.025134,0.0734486,0.901417
7033282,0.0481447,0.141532,0.810323
6977319,0.02514,0.0734665,0.901393
6964603,0.0380567,0.111672,0.850271
7077967,0.0251338,0.0734482,0.901418
7043948,0.102165,0.302156,0.595679
7081578,0.135714,0.401896,0.46239
7232208,0.037549,0.110171,0.85228
7127701,0.145351,0.430536,0.424113
7220885,0.0997949,0.295082,0.605123
7128382,0.0251405,0.0734678,0.901392
7116963,0.145351,0.430536,0.424113
7192718,0.137485,0.407165,0.455351
7151828,0.0424639,0.124713,0.832823
6869055,0.0559684,0.164717,0.779315
6889925,0.0251624,0.0735326,0.901305
6820709,0.0251744,0.0735677,0.901258
6849581,0.0251501,0.073496,0.901354
6891034,0.143894,0.426207,0.429899
6944507,0.0282611,0.0826947,0.889044
6992350,0.0251668,0.0735453,0.901288
6930019,0.127489,0.37743,0.495081
6925796,0.0251391,0.0734637,0.901397
6905948,0.145341,0.430506,0.424153
7007248,0.145349,0.430531,0.42412
6899849,0.145341,0.430505,0.424154
6886830,0.114713,0.339535,0.545752
6948145,0.145298,0.430377,0.424326
6842788,0.145245,0.430219,0.424536
6857165,0.145343,0.430511,0.424147
6851675,0.139858,0.414228,0.445914
6929776,0.14535,0.430533,0.424117
7040077,0.062509,0.184106,0.753385
6813555,0.145336,0.430491,0.424173
6871732,0.0526736,0.154949,0.792377
7027992,0.0412781,0.121205,0.837517
6978658,0.0310579,0.0909677,0.877974
6977455,0.0251338,0.0734481,0.901418
6964798,0.025134,0.0734487,0.901417
6978671,0.0251406,0.0734681,0.901391
7043538,0.145348,0.430527,0.424125
7052900,0.0838325,0.247465,0.668702
7181082,0.103085,0.3049,0.592014
6906277,0.145352,0.430538,0.42411
7151526,0.0257013,0.0751246,0.899174
7057668,0.0251412,0.0734698,0.901389
7204689,0.0268065,0.0783926,0.894801
7114149,0.13422,0.397445,0.468336
7124230,0.0813944,0.240204,0.678401
6817671,0.0251338,0.0734481,0.901418
7042367,0.14531,0.430413,0.424277
7148973,0.145345,0.430519,0.424135
7139123,0.0251338,0.0734481,0.901418
7147311,0.0251339,0.0734484,0.901418
7231031,0.128316,0.379883,0.491801
7214981,0.0854553,0.2523,0.662245
7176718,0.05012,0.147385,0.802495
7158633,0.046906,0.137864,0.81523
7158791,0.0251338,0.0734481,0.901418
7105106,0.145316,0.430432,0.424252
6834027,0.0251557,0.0735127,0.901332
6885083,0.0266094,0.0778097,0.895581
7200415,0.0951222,0.281137,0.62374
7172515,0.0978136,0.28917,0.613016
7107804,0.0253001,0.0739389,0.900761
7196039,0.14535,0.430532,0.424119
6936033,0.0531059,0.156229,0.790665
7206307,0.0251342,0.0734492,0.901417
7125602,0.0868071,0.25633,0.656863
6942922,0.0389273,0.114248,0.846824
6850406,0.145352,0.43054,0.424108
6877128,0.145263,0.430273,0.424464
6905618,0.025146,0.0734841,0.90137
6865527,0.14535,0.430534,0.424115
6942381,0.0251544,0.0735089,0.901337
6878466,0.133928,0.396576,0.469497
6823901,0.0280693,0.0821273,0.889803
6945912,0.0328555,0.0962853,0.870859
6858162,0.0506294,0.148893,0.800478
6887876,0.145213,0.430125,0.424663
7028971,0.145312,0.43042,0.424268
6910368,0.0251396,0.0734651,0.901395
7015508,0.0912368,0.269543,0.639221
6845483,0.145323,0.430453,0.424224
6904073,0.0251338,0.0734482,0.901418
7198649,0.145327,0.430466,0.424207
6907335,0.135383,0.400908,0.463709
6826551,0.025746,0.0752568,0.898997
6850312,0.113679,0.336457,0.549864
6885304,0.0844328,0.249253,0.666314
7222246,0.114624,0.339269,0.546106
6889560,0.145277,0.430316,0.424406
7142423,0.144117,0.426868,0.429015
6999902,0.0913516,0.269887,0.638762
6834812,0.0262371,0.0767085,0.897054
6997547,0.113653,0.336377,0.54997
6994586,0.0828032,0.244399,0.672798
7030424,0.0972544,0.2875,0.615245
6976285,0.107445,0.317901,0.574654
7041621,0.0251348,0.0734512,0.901414
7162104,0.145284,0.430336,0.42438
7088374,0.0736013,0.217028,0.70937
7607512,0.118267,0.350077,0.531656
7188235,0.0251346,0.0734503,0.901415
7007900,0.0275665,0.0806403,0.891793
7198443,0.119401,0.353439,0.52716
7123271,0.105446,0.311943,0.582611
7233916,0.13241,0.392058,0.475531
7044707,0.145352,0.430539,0.424108
7008282,0.145352,0.430539,0.424109
7027287,0.041721,0.122514,0.835765
7115070,0.0895667,0.264561,0.645872
7107489,0.0251348,0.0734512,0.901414
7082553,0.145052,0.429646,0.425302
6860412,0.025134,0.0734486,0.901417
7159557,0.106734,0.31579,0.577476
7156648,0.145306,0.430401,0.424293
7190477,0.0251365,0.0734561,0.901407
7146858,0.091478,0.270263,0.638259
6857896,0.0251446,0.0734799,0.901376
6935856,0.116283,0.344193,0.539524
7083828,0.0280842,0.0821716,0.889744
6953998,0.0251338,0.0734482,0.901418
6982126,0.100081,0.295937,0.603981
7026310,0.0640226,0.1886,0.747378
6936863,0.145352,0.430538,0.42411
6861749,0.0251415,0.0734706,0.901388
7069439,0.0252739,0.0738616,0.900864
7069403,0.111556,0.330149,0.558294
6983803,0.039125,0.114833,0.846042
6850705,0.0251339,0.0734483,0.901418
6833837,0.0251339,0.0734485,0.901418
7020749,0.0954838,0.282219,0.622297
7062524,0.0251453,0.0734821,0.901373
6847540,0.145287,0.430344,0.424369
6850887,0.14458,0.428243,0.427177
6987041,0.144523,0.428073,0.427404
6872212,0.0308234,0.0902736,0.878903
6813643,0.0610971,0.179922,0.758981
6827347,0.0599973,0.176658,0.763345
6844543,0.0251348,0.0734511,0.901414
7050299,0.145352,0.430539,0.424109
6904620,0.0450588,0.132396,0.822546
7056965,0.0251338,0.0734481,0.901418
7024515,0.0426349,0.12522,0.832145
6980453,0.0392621,0.115239,0.845499
6984513,0.0251339,0.0734485,0.901418
7048549,0.145276,0.430311,0.424413
7043788,0.145352,0.43054,0.424108
7032880,0.103807,0.307053,0.58914
6985694,0.0335458,0.098328,0.868126
7013503,0.145351,0.430537,0.424112
7160053,0.144138,0.426933,0.428929
6958323,0.0251338,0.0734481,0.901418
6979291,0.0251343,0.0734497,0.901416
7053745,0.145345,0.430517,0.424139
6946255,0.0408101,0.11982,0.83937
6892615,0.145352,0.430539,0.424109
7137091,0.140621,0.416496,0.442883
7051600,0.0251342,0.0734491,0.901417
7190337,0.0252459,0.0737789,0.900975
7115413,0.136202,0.403349,0.460448
7129973,0.089403,0.264072,0.646525
7178912,0.10058,0.297427,0.601993
6929148,0.145316,0.430432,0.424252
6961264,0.0255535,0.0746878,0.899759
7156951,0.0942661,0.278585,0.627148
7185076,0.0251351,0.0734518,0.901413
6849609,0.0672652,0.198217,0.734518
6821254,0.0251426,0.0734741,0.901383
6940211,0.0603233,0.177629,0.762047
7019804,0.0754366,0.222484,0.70208
6891297,0.145353,0.430541,0.424106
7018991,0.144946,0.42933,0.425724
7036110,0.0325031,0.095243,0.872254
6885744,0.0251339,0.0734485,0.901418
7199855,0.0251361,0.0734548,0.901409
7023283,0.113928,0.337201,0.548871
6871741,0.0251453,0.073482,0.901373
7008375,0.145345,0.430518,0.424138
6911266,0.145295,0.430369,0.424336
6961740,0.0251357,0.0734538,0.90141
7155627,0.145213,0.430126,0.424661
7024375,0.0485988,0.142877,0.808524
7009557,0.0251338,0.0734481,0.901418
6962769,0.124548,0.368703,0.506749
7060352,0.111931,0.331259,0.556809
7045246,0.145353,0.430541,0.424107
7071265,0.0251342,0.0734493,0.901416
7009242,0.0640827,0.188776,0.747142
7051137,0.0251345,0.0734501,0.901415
7019720,0.145307,0.430405,0.424288
6964598,0.145351,0.430537,0.424111
7174777,0.0251338,0.0734482,0.901418
6899350,0.118826,0.351738,0.529436
6855123,0.145337,0.430495,0.424168
6831544,0.0251338,0.0734482,0.901418
6822378,0.14531,0.430412,0.424278
6924889,0.0251339,0.0734485,0.901418
7143562,0.0495893,0.145813,0.804598
7128959,0.145336,0.430491,0.424173
7093845,0.145348,0.430527,0.424125
7116603,0.145349,0.430529,0.424123
7091547,0.0888007,0.262274,0.648925
7217234,0.0251427,0.0734744,0.901383
7108336,0.0783572,0.231164,0.690479
7126625,0.145353,0.430541,0.424106
6833299,0.0885823,0.261624,0.649793
7107433,0.0251756,0.0735713,0.901253
7208189,0.0919751,0.271747,0.636278
7119037,0.0454882,0.133667,0.820845
7181783,0.0251343,0.0734494,0.901416
7103982,0.145352,0.430538,0.424111
7131964,0.0671275,0.197807,0.735065
7169826,0.145349,0.430531,0.424119
7167573,0.0413158,0.121316,0.837368
7202109,0.145348,0.430528,0.424123
7205643,0.0590151,0.173747,0.767238
7224685,0.14106,0.417799,0.441141
7173021,0.0816452,0.240951,0.677404
7205327,0.0251338,0.0734482,0.901418
7177373,0.145115,0.429832,0.425053
7122039,0.145349,0.430529,0.424122
6926635,0.128656,0.380893,0.490451
6938328,0.145347,0.430525,0.424128
6908186,0.145351,0.430535,0.424115
6904559,0.0251338,0.0734481,0.901418
7061109,0.025134,0.0734488,0.901417
7200463,0.145352,0.43054,0.424108
7111689,0.0263405,0.0770146,0.896645
6973866,0.0251434,0.0734763,0.90138
7155241,0.0317745,0.0930876,0.875138
7033594,0.0355151,0.104153,0.860332
7145574,0.14527,0.430295,0.424435
7022185,0.145094,0.42977,0.425136
6859664,0.143524,0.425109,0.431367
6934954,0.0251338,0.0734481,0.901418
7040821,0.0251364,0.0734557,0.901408
6829109,0.0953374,0.281783,0.62288
6812127,0.0251338,0.0734482,0.901418
7002807,0.144494,0.427988,0.427518
6879565,0.0383176,0.112444,0.849238
6927690,0.0550853,0.162096,0.782819
6812035,0.0251594,0.0735236,0.901317
7077950,0.0252699,0.0738498,0.90088
6968031,0.145353,0.430541,0.424107
6888027,0.145349,0.43053,0.424121
6886303,0.0564214,0.166058,0.77752
6956285,0.0373923,0.109707,0.852901
6936523,0.135446,0.401096,0.463457
7022939,0.025134,0.0734486,0.901417
6903790,0.0251342,0.0734493,0.901416
6832177,0.145299,0.43038,0.424321
6944007,0.145337,0.430495,0.424168
7047272,0.0251918,0.0736192,0.901189
6825540,0.0254348,0.0743369,0.900228
7188426,0.116305,0.344258,0.539437
6814812,0.0869587,0.256781,0.656261
7180593,0.145347,0.430524,0.424128
6812465,0.0264628,0.0773761,0.896161
7229646,0.145345,0.43052,0.424135
7139129,0.0263726,0.0771095,0.896518
7251885,0.0251353,0.0734526,0.901412
7211772,0.0907786,0.268176,0.641046
6896103,0.0698412,0.205867,0.724292
7049335,0.0251339,0.0734483,0.901418
6959329,0.0251352,0.0734523,0.901413
6974259,0.0713579,0.21037,0.718272
6995245,0.145262,0.430272,0.424465
7106808,0.0251407,0.0734685,0.901391
6991389,0.074002,0.218218,0.70778
7021399,0.10284,0.304169,0.592991
7031320,0.145352,0.43054,0.424108
7209055,0.145345,0.430517,0.424138
6958202,0.0251352,0.0734521,0.901413
7219079,0.0251339,0.0734485,0.901418
7185806,0.06384,0.188053,0.748107
7155386,0.0701173,0.206683,0.723199
7180970,0.0251727,0.0735628,0.901265
6937286,0.0650169,0.191551,0.743432
6828893,0.0601622,0.17715,0.762688
6881808,0.0251339,0.0734483,0.901418
6858052,0.025134,0.0734486,0.901417
6879029,0.0686964,0.202467,0.728836
6850774,0.0251338,0.0734482,0.901418
7000357,0.139462,0.413049,0.447489
7010476,0.14531,0.430412,0.424278
6882121,0.0565998,0.166587,0.776813
6907857,0.145353,0.430541,0.424106
6954719,0.0251352,0.0734521,0.901413
6918178,0.0327784,0.0960569,0.871165
6868516,0.0934639,0.27619,0.630346
6967996,0.145347,0.430523,0.42413
6938167,0.144672,0.428515,0.426813
6964039,0.145327,0.430465,0.424207
7061247,0.0267603,0.0782557,0.894984
7049683,0.145322,0.430449,0.42423
6964563,0.0252726,0.0738578,0.90087
7020997,0.0267256,0.0781533,0.895121
7102071,0.139809,0.414081,0.44611
6996614,0.145337,0.430495,0.424168
6972723,0.145352,0.430538,0.424111
7034493,0.0749227,0.220958,0.704119
7069452,0.0397314,0.116627,0.843642
6945787,0.0252066,0.0736629,0.901131
7177510,0.0748447,0.220725,0.70443
6896640,0.145302,0.43039,0.424309
6987655,0.0418035,0.122759,0.835437
6918355,0.0251445,0.0734795,0.901376
7201338,0.145349,0.430529,0.424122
6923941,0.0251338,0.0734481,0.901418
